4/18/2025 5:10:31 AM  Counts:50000
1419.600000000  0.095438670
1419.605468750  0.095343671
1419.610937500  0.095443528
1419.616406250  0.096259010
1419.621875000  0.096674500
1419.627343750  0.097278422
1419.632812500  0.097810291
1419.638281250  0.098138739
1419.643750000  0.098916742
1419.649218750  0.100597196
1419.654687500  0.101429163
1419.660156250  0.102617582
1419.665625000  0.104243807
1419.671093750  0.105874932
1419.676562500  0.106342240
1419.682031250  0.108157419
1419.687500000  0.110072121
1419.692968750  0.112134513
1419.698437500  0.113407764
1419.703906250  0.114830378
1419.709375000  0.117170881
1419.714843750  0.119048791
1419.720312500  0.121487351
1419.725781250  0.122874453
1419.731250000  0.125746747
1419.736718750  0.128312471
1419.742187500  0.130533642
1419.747656250  0.130365985
1419.753125000  0.132364831
1419.758593750  0.134808009
1419.764062500  0.136604896
1419.769531250  0.138242397
1419.775000000  0.140499092
1419.780468750  0.142973979
1419.785937500  0.145229174
1419.791406250  0.147033479
1419.796875000  0.148650410
1419.802343750  0.151507786
1419.807812500  0.153492692
1419.813281250  0.154797321
1419.818750000  0.156251569
1419.824218750  0.160388648
1419.829687500  0.160323421
1419.835156250  0.164540586
1419.840625000  0.166592910
1419.846093750  0.169105548
1419.851562500  0.170342425
1419.857031250  0.171737204
1419.862500000  0.174688939
1419.867968750  0.178503415
1419.873437500  0.187549104
1419.878906250  0.210266121
1419.884375000  0.341296210
1419.889843750  0.373734464
1419.895312500  0.211630852
1419.900781250  0.194446208
1419.906250000  0.192121948
1419.911718750  0.191038068
1419.917187500  0.192814798
1419.922656250  0.197883904
1419.928125000  0.197091779
1419.933593750  0.196553417
1419.939062500  0.197977275
1419.944531250  0.199469641
1419.950000000  0.201328538
1419.955468750  0.201877393
1419.960937500  0.204480635
1419.966406250  0.207442367
1419.971875000  0.206849760
1419.977343750  0.208657097
1419.982812500  0.211276991
1419.988281250  0.212769900
1419.993750000  0.214492167
1419.999218750  0.216765234
1420.004687500  0.217675827
1420.010156250  0.218158408
1420.015625000  0.219524629
1420.021093750  0.222920314
1420.026562500  0.223209994
1420.032031250  0.225352193
1420.037500000  0.224275901
1420.042968750  0.226940559
1420.048437500  0.226114725
1420.053906250  0.228497284
1420.059375000  0.227859876
1420.064843750  0.228985119
1420.070312500  0.228948362
1420.075781250  0.231357207
1420.081250000  0.231238155
1420.086718750  0.231427425
1420.092187500  0.232048855
1420.097656250  0.233033900
1420.103125000  0.232693537
1420.108593750  0.233969807
1420.114062500  0.234326154
1420.119531250  0.234224796
1420.125000000  0.234605284
1420.130468750  0.235896501
1420.135937500  0.236398181
1420.141406250  0.235279032
1420.146875000  0.235961796
1420.152343750  0.236485525
1420.157812500  0.237243612
1420.163281250  0.238483359
1420.168750000  0.236762793
1420.174218750  0.238203621
1420.179687500  0.237052836
1420.185156250  0.238564686
1420.190625000  0.238190601
1420.196093750  0.238812891
1420.201562500  0.237986603
1420.207031250  0.238954804
1420.212500000  0.239105811
1420.217968750  0.238127880
1420.223437500  0.239472565
1420.228906250  0.238502557
1420.234375000  0.238143182
1420.239843750  0.238371513
1420.245312500  0.237553729
1420.250781250  0.238016213
1420.256250000  0.238800405
1420.261718750  0.237802077
1420.267187500  0.237407003
1420.272656250  0.238592312
1420.278125000  0.238744248
1420.283593750  0.238019722
1420.289062500  0.237284989
1420.294531250  0.237457100
1420.300000000  0.238763919
1420.305468750  0.236545523
1420.310937500  0.236882682
1420.316406250  0.236787817
1420.321875000  0.237074575
1420.327343750  0.236184872
1420.332812500  0.236124083
1420.338281250  0.234934416
1420.343750000  0.235948053
1420.349218750  0.236793487
1420.354687500  0.235040576
1420.360156250  0.235530922
1420.365625000  0.235844891
1420.371093750  0.236281813
1420.376562500  0.235126792
1420.382031250  0.234660562
1420.387500000  0.235238649
1420.392968750  0.234466660
1420.398437500  0.235164371
1420.403906250  0.234291802
1420.409375000  0.234762199
1420.414843750  0.233256477
1420.420312500  0.235250708
1420.425781250  0.234871931
1420.431250000  0.234356817
1420.436718750  0.233800074
1420.442187500  0.234481217
1420.447656250  0.234158061
1420.453125000  0.233379044
1420.458593750  0.234099483
1420.464062500  0.234059239
1420.469531250  0.233022532
1420.475000000  0.232945634
1420.480468750  0.233873254
1420.485937500  0.233697654
1420.491406250  0.234010017
1420.496875000  0.233763847
1420.502343750  0.234470615
1420.507812500  0.234405814
1420.513281250  0.235348876
1420.518750000  0.234896804
1420.524218750  0.236206926
1420.529687500  0.234645852
1420.535156250  0.234282491
1420.540625000  0.234900386
1420.546093750  0.235439460
1420.551562500  0.235178709
1420.557031250  0.236114026
1420.562500000  0.235453164
1420.567968750  0.235176302
1420.573437500  0.235676031
1420.578906250  0.235341916
1420.584375000  0.235856432
1420.589843750  0.235470274
1420.595312500  0.235949130
1420.600781250  0.235879459
1420.606250000  0.235907821
1420.611718750  0.235427581
1420.617187500  0.236503497
1420.622656250  0.236127817
1420.628125000  0.236962657
1420.633593750  0.237340992
1420.639062500  0.236337047
1420.644531250  0.236776453
1420.650000000  0.237578368
1420.655468750  0.237597660
1420.660937500  0.238033109
1420.666406250  0.238323782
1420.671875000  0.239236950
1420.677343750  0.239144631
1420.682812500  0.238911536
1420.688281250  0.239217871
1420.693750000  0.239271835
1420.699218750  0.238750276
1420.704687500  0.239426551
1420.710156250  0.240406949
1420.715625000  0.240867062
1420.721093750  0.240508406
1420.726562500  0.241839052
1420.732031250  0.241094570
1420.737500000  0.242158012
1420.742968750  0.242981632
1420.748437500  0.242843704
1420.753906250  0.243256260
1420.759375000  0.243921268
1420.764843750  0.243402985
1420.770312500  0.244089181
1420.775781250  0.245993578
1420.781250000  0.243972875
1420.786718750  0.244885440
1420.792187500  0.245321756
1420.797656250  0.245814279
1420.803125000  0.245921394
1420.808593750  0.246201466
1420.814062500  0.246561457
1420.819531250  0.247034767
1420.825000000  0.247532216
1420.830468750  0.247516835
1420.835937500  0.247415454
1420.841406250  0.248900070
1420.846875000  0.247919121
1420.852343750  0.248593550
1420.857812500  0.247501293
1420.863281250  0.248191872
1420.868750000  0.249073595
1420.874218750  0.248814261
1420.879687500  0.249701673
1420.885156250  0.248821645
1420.890625000  0.249511876
1420.896093750  0.251440218
1420.901562500  0.251351166
1420.907031250  0.250795826
1420.912500000  0.250714637
1420.917968750  0.250735360
1420.923437500  0.250681476
1420.928906250  0.251122437
1420.934375000  0.250432620
1420.939843750  0.251469764
1420.945312500  0.250931347
1420.950781250  0.250723067
1420.956250000  0.252002067
1420.961718750  0.251754176
1420.967187500  0.252570387
1420.972656250  0.251776049
1420.978125000  0.252083837
1420.983593750  0.252611859
1420.989062500  0.251927325
1420.994531250  0.251843741
1421.000000000  0.249800347
1421.005468750  0.251850801
1421.010937500  0.252438861
1421.016406250  0.251472591
1421.021875000  0.252071691
1421.027343750  0.251576487
1421.032812500  0.250463853
1421.038281250  0.251394347
1421.043750000  0.251069083
1421.049218750  0.251432801
1421.054687500  0.250005594
1421.060156250  0.252563864
1421.065625000  0.252319732
1421.071093750  0.251420348
1421.076562500  0.250913440
1421.082031250  0.251191102
1421.087500000  0.249977749
1421.092968750  0.250469042
1421.098437500  0.250074160
1421.103906250  0.250014882
1421.109375000  0.250405518
1421.114843750  0.251399714
1421.120312500  0.250252189
1421.125781250  0.250874780
1421.131250000  0.256838455
1421.136718750  0.256877983
1421.142187500  0.253472049
1421.147656250  0.249016988
1421.153125000  0.248601415
1421.158593750  0.247318578
1421.164062500  0.246756609
1421.169531250  0.247122911
1421.175000000  0.246783249
1421.180468750  0.246448027
1421.185937500  0.245844296
1421.191406250  0.245025411
1421.196875000  0.244945047
1421.202343750  0.244752916
1421.207812500  0.244350547
1421.213281250  0.244297111
1421.218750000  0.243708905
1421.224218750  0.243456929
1421.229687500  0.242674432
1421.235156250  0.242042637
1421.240625000  0.241361513
1421.246093750  0.242108888
1421.251562500  0.241286404
1421.257031250  0.240587881
1421.262500000  0.240816540
1421.267968750  0.241270505
1421.273437500  0.239797623
1421.278906250  0.240334916
1421.284375000  0.241183472
1421.289843750  0.238564932
1421.295312500  0.238433071
1421.300781250  0.238301127
1421.306250000  0.238400023
1421.311718750  0.238320414
1421.317187500  0.237711870
1421.322656250  0.237568922
1421.328125000  0.236917848
1421.333593750  0.236784320
1421.339062500  0.236229227
1421.344531250  0.235315336
1421.350000000  0.235419720
1421.355468750  0.236621874
1421.360937500  0.234891171
1421.366406250  0.235155080
1421.371875000  0.234796656
1421.377343750  0.234360829
1421.382812500  0.234185031
1421.388281250  0.234072146
1421.393750000  0.234184128
1421.399218750  0.233953328
1421.404687500  0.233383693
1421.410156250  0.233613345
1421.415625000  0.233470009
1421.421093750  0.233149833
1421.426562500  0.232716031
1421.432031250  0.232790806
1421.437500000  0.231868341
1421.442968750  0.232205672
1421.448437500  0.232723470
1421.453906250  0.232645644
1421.459375000  0.231743887
1421.464843750  0.231095620
1421.470312500  0.231286079
1421.475781250  0.231903786
1421.481250000  0.232218794
1421.486718750  0.236747993
1421.492187500  0.233947387
1421.497656250  0.231788324
1421.503125000  0.230743436
1421.508593750  0.231636620
1421.514062500  0.231194509
1421.519531250  0.231301664
1421.525000000  0.231396581
1421.530468750  0.230139014
1421.535937500  0.231811358
1421.541406250  0.230765513
1421.546875000  0.230365263
1421.552343750  0.229978008
1421.557812500  0.231128103
1421.563281250  0.231219590
1421.568750000  0.231622463
1421.574218750  0.230857064
1421.579687500  0.231852937
1421.585156250  0.231067510
1421.590625000  0.231452743
1421.596093750  0.231256416
1421.601562500  0.230904235
1421.607031250  0.232788013
1421.612500000  0.231897891
1421.617968750  0.231556887
1421.623437500  0.231984079
1421.628906250  0.231400132
1421.634375000  0.232184839
1421.639843750  0.232491554
1421.645312500  0.231835114
1421.650781250  0.231786394
1421.656250000  0.233130416
1421.661718750  0.232753548
1421.667187500  0.232313051
1421.672656250  0.232361020
1421.678125000  0.233564675
1421.683593750  0.232943432
1421.689062500  0.233095206
1421.694531250  0.233908005
1421.700000000  0.233502345
1421.705468750  0.233575837
1421.710937500  0.233097015
1421.716406250  0.233849896
1421.721875000  0.233778339
1421.727343750  0.233445951
1421.732812500  0.233586369
1421.738281250  0.233389254
1421.743750000  0.233766640
1421.749218750  0.234017848
1421.754687500  0.232725069
1421.760156250  0.233573650
1421.765625000  0.232125984
1421.771093750  0.233694021
1421.776562500  0.233800022
1421.782031250  0.233913813
1421.787500000  0.232551839
1421.792968750  0.232429436
1421.798437500  0.232825289
1421.803906250  0.232340625
1421.809375000  0.232117169
1421.814843750  0.231611950
1421.820312500  0.231855761
1421.825781250  0.231791752
1421.831250000  0.232546802
1421.836718750  0.230473834
1421.842187500  0.230470376
1421.847656250  0.231010713
1421.853125000  0.229588296
1421.858593750  0.229688469
1421.864062500  0.228124459
1421.869531250  0.227530780
1421.875000000  0.227095785
1421.880468750  0.226501150
1421.885937500  0.227595026
1421.891406250  0.225895823
1421.896875000  0.225544617
1421.902343750  0.225592957
1421.907812500  0.224049538
1421.913281250  0.222458717
1421.918750000  0.222428319
1421.924218750  0.221620129
1421.929687500  0.221043722
1421.935156250  0.219680917
1421.940625000  0.218311110
1421.946093750  0.218534273
1421.951562500  0.216434945
1421.957031250  0.215830616
1421.962500000  0.215660568
1421.967968750  0.213298927
1421.973437500  0.212398465
1421.978906250  0.212294169
1421.984375000  0.210734733
1421.989843750  0.209229182
1421.995312500  0.207982296
1422.000781250  0.205898553
1422.006250000  0.205952595
1422.011718750  0.204638984
1422.017187500  0.203484235
1422.022656250  0.201444328
1422.028125000  0.200913640
1422.033593750  0.200004655
1422.039062500  0.197365599
1422.044531250  0.196032466
1422.050000000  0.195141467
1422.055468750  0.193559420
1422.060937500  0.191627954
1422.066406250  0.189194618
1422.071875000  0.188516908
1422.077343750  0.186430761
1422.082812500  0.184730934
1422.088281250  0.183049952
1422.093750000  0.180758825
1422.099218750  0.179962842
1422.104687500  0.177677444
1422.110156250  0.176542019
1422.115625000  0.174617802
1422.121093750  0.172484993
1422.126562500  0.169733579
1422.132031250  0.168345032
1422.137500000  0.166103586
1422.142968750  0.164448582
1422.148437500  0.162754289
1422.153906250  0.160552071
1422.159375000  0.158194906
1422.164843750  0.156330241
1422.170312500  0.154561398
1422.175781250  0.153010864
1422.181250000  0.150503022
1422.186718750  0.149121896
1422.192187500  0.147093886
1422.197656250  0.144428457
1422.203125000  0.143265006
1422.208593750  0.140526711
1422.214062500  0.138530061
1422.219531250  0.136200644
1422.225000000  0.133848672
1422.230468750  0.133325297
1422.235937500  0.130949099
1422.241406250  0.128835698
1422.246875000  0.126824740
1422.252343750  0.124778989
1422.257812500  0.122952585
1422.263281250  0.120885419
1422.268750000  0.119479036
1422.274218750  0.117853580
1422.279687500  0.115752760
1422.285156250  0.113860902
1422.290625000  0.112198055
1422.296093750  0.110311193
1422.301562500  0.109730023
1422.307031250  0.107256215
1422.312500000  0.106256837
1422.317968750  0.105187761
1422.323437500  0.103384199
1422.328906250  0.102776409
1422.334375000  0.101846777
1422.339843750  0.100905255
1422.345312500  0.099584639
1422.350781250  0.098493647
1422.356250000  0.097971793
1422.361718750  0.097127405
1422.367187500  0.096637725
1422.372656250  0.096246948
1422.378125000  0.096105723
1422.383593750  0.097565703
1422.389062500  0.096410662
1422.394531250  0.095396930

