4/18/2025 5:09:09 AM  Counts:50000
1419.600000000  0.092144821
1419.605468750  0.092956429
1419.610937500  0.093151622
1419.616406250  0.093072766
1419.621875000  0.093801147
1419.627343750  0.094810603
1419.632812500  0.094817405
1419.638281250  0.095804287
1419.643750000  0.096707473
1419.649218750  0.098351579
1419.654687500  0.099516003
1419.660156250  0.100169422
1419.665625000  0.101185566
1419.671093750  0.102517254
1419.676562500  0.103868509
1419.682031250  0.105329750
1419.687500000  0.106907124
1419.692968750  0.109060900
1419.698437500  0.111149263
1419.703906250  0.111888315
1419.709375000  0.114767826
1419.714843750  0.116067260
1419.720312500  0.118554285
1419.725781250  0.119324276
1419.731250000  0.123232478
1419.736718750  0.123742397
1419.742187500  0.126417110
1419.747656250  0.128148729
1419.753125000  0.129580006
1419.758593750  0.131737425
1419.764062500  0.133368237
1419.769531250  0.134885037
1419.775000000  0.136404051
1419.780468750  0.138863662
1419.785937500  0.140236968
1419.791406250  0.143207099
1419.796875000  0.145084025
1419.802343750  0.147545108
1419.807812500  0.149350491
1419.813281250  0.150882103
1419.818750000  0.152036578
1419.824218750  0.155805181
1419.829687500  0.156319243
1419.835156250  0.161183178
1419.840625000  0.163579846
1419.846093750  0.163827288
1419.851562500  0.165360896
1419.857031250  0.167598030
1419.862500000  0.170163413
1419.867968750  0.174287693
1419.873437500  0.183958315
1419.878906250  0.205369741
1419.884375000  0.337596038
1419.889843750  0.377879265
1419.895312500  0.208674055
1419.900781250  0.189890421
1419.906250000  0.187301396
1419.911718750  0.186575373
1419.917187500  0.187137725
1419.922656250  0.192593782
1419.928125000  0.193161754
1419.933593750  0.192941746
1419.939062500  0.193280005
1419.944531250  0.193770344
1419.950000000  0.195622845
1419.955468750  0.197214267
1419.960937500  0.199253456
1419.966406250  0.202091377
1419.971875000  0.202048104
1419.977343750  0.203179773
1419.982812500  0.206862868
1419.988281250  0.207619421
1419.993750000  0.208351641
1419.999218750  0.210097203
1420.004687500  0.211428877
1420.010156250  0.213681328
1420.015625000  0.215019312
1420.021093750  0.216951743
1420.026562500  0.218363323
1420.032031250  0.220319280
1420.037500000  0.218630075
1420.042968750  0.220521431
1420.048437500  0.220375337
1420.053906250  0.222463760
1420.059375000  0.222500653
1420.064843750  0.224367811
1420.070312500  0.223765372
1420.075781250  0.226463219
1420.081250000  0.224446054
1420.086718750  0.226493094
1420.092187500  0.225759260
1420.097656250  0.226998397
1420.103125000  0.227071646
1420.108593750  0.228103652
1420.114062500  0.227870928
1420.119531250  0.229264841
1420.125000000  0.228397710
1420.130468750  0.229270699
1420.135937500  0.229696397
1420.141406250  0.229541240
1420.146875000  0.230322850
1420.152343750  0.230356385
1420.157812500  0.229276280
1420.163281250  0.230126128
1420.168750000  0.231052053
1420.174218750  0.231196437
1420.179687500  0.229614659
1420.185156250  0.230637719
1420.190625000  0.231456998
1420.196093750  0.232293919
1420.201562500  0.232936259
1420.207031250  0.232281986
1420.212500000  0.231846043
1420.217968750  0.231735343
1420.223437500  0.231698610
1420.228906250  0.231705769
1420.234375000  0.231115419
1420.239843750  0.232025775
1420.245312500  0.231285729
1420.250781250  0.231467135
1420.256250000  0.232016120
1420.261718750  0.231345062
1420.267187500  0.231780624
1420.272656250  0.231938970
1420.278125000  0.231941875
1420.283593750  0.230658012
1420.289062500  0.231510086
1420.294531250  0.231260035
1420.300000000  0.230039948
1420.305468750  0.230483380
1420.310937500  0.231012074
1420.316406250  0.230963001
1420.321875000  0.231373800
1420.327343750  0.230357318
1420.332812500  0.230158288
1420.338281250  0.229710788
1420.343750000  0.230061485
1420.349218750  0.229546484
1420.354687500  0.229143369
1420.360156250  0.229098726
1420.365625000  0.229017525
1420.371093750  0.228239395
1420.376562500  0.229488955
1420.382031250  0.229477304
1420.387500000  0.228255790
1420.392968750  0.228553375
1420.398437500  0.229117864
1420.403906250  0.228113528
1420.409375000  0.227561266
1420.414843750  0.227780066
1420.420312500  0.228299324
1420.425781250  0.227994702
1420.431250000  0.228169545
1420.436718750  0.228405991
1420.442187500  0.226633791
1420.447656250  0.228439921
1420.453125000  0.227573119
1420.458593750  0.227399627
1420.464062500  0.228847863
1420.469531250  0.228447648
1420.475000000  0.227381277
1420.480468750  0.228417850
1420.485937500  0.228651415
1420.491406250  0.228140321
1420.496875000  0.229180135
1420.502343750  0.228855946
1420.507812500  0.229264970
1420.513281250  0.228900119
1420.518750000  0.229382296
1420.524218750  0.230463635
1420.529687500  0.231031596
1420.535156250  0.231360931
1420.540625000  0.231068171
1420.546093750  0.231504580
1420.551562500  0.232246028
1420.557031250  0.233639045
1420.562500000  0.233623688
1420.567968750  0.233560170
1420.573437500  0.234160237
1420.578906250  0.233429461
1420.584375000  0.233879647
1420.589843750  0.235018236
1420.595312500  0.235088716
1420.600781250  0.235441556
1420.606250000  0.234859164
1420.611718750  0.234882735
1420.617187500  0.233682475
1420.622656250  0.234465698
1420.628125000  0.233663936
1420.633593750  0.233887205
1420.639062500  0.234595868
1420.644531250  0.233522245
1420.650000000  0.232969393
1420.655468750  0.233303732
1420.660937500  0.232477968
1420.666406250  0.232957258
1420.671875000  0.233942205
1420.677343750  0.234107136
1420.682812500  0.234562588
1420.688281250  0.233562527
1420.693750000  0.234275800
1420.699218750  0.234656816
1420.704687500  0.235659849
1420.710156250  0.235183357
1420.715625000  0.235007923
1420.721093750  0.233810192
1420.726562500  0.235580828
1420.732031250  0.235875315
1420.737500000  0.236460432
1420.742968750  0.237111336
1420.748437500  0.236791137
1420.753906250  0.236881909
1420.759375000  0.237582922
1420.764843750  0.237058814
1420.770312500  0.237915886
1420.775781250  0.238393122
1420.781250000  0.237573145
1420.786718750  0.238257272
1420.792187500  0.238660004
1420.797656250  0.239023491
1420.803125000  0.238850808
1420.808593750  0.239395808
1420.814062500  0.239597572
1420.819531250  0.239492542
1420.825000000  0.238629906
1420.830468750  0.240602314
1420.835937500  0.240613351
1420.841406250  0.241554604
1420.846875000  0.242129446
1420.852343750  0.241949603
1420.857812500  0.241648951
1420.863281250  0.241799380
1420.868750000  0.241910586
1420.874218750  0.242477231
1420.879687500  0.241671447
1420.885156250  0.243145819
1420.890625000  0.241268994
1420.896093750  0.244145695
1420.901562500  0.243929357
1420.907031250  0.244147902
1420.912500000  0.243372054
1420.917968750  0.244092604
1420.923437500  0.243958850
1420.928906250  0.244732299
1420.934375000  0.244302040
1420.939843750  0.244319220
1420.945312500  0.244430964
1420.950781250  0.245747732
1420.956250000  0.244752701
1420.961718750  0.244372248
1420.967187500  0.245321217
1420.972656250  0.245354611
1420.978125000  0.244724447
1420.983593750  0.244236863
1420.989062500  0.244999023
1420.994531250  0.244582336
1421.000000000  0.242335586
1421.005468750  0.244194330
1421.010937500  0.246108705
1421.016406250  0.245464603
1421.021875000  0.244517285
1421.027343750  0.244702532
1421.032812500  0.245553502
1421.038281250  0.243649120
1421.043750000  0.243957991
1421.049218750  0.244965202
1421.054687500  0.243963084
1421.060156250  0.243486709
1421.065625000  0.243609205
1421.071093750  0.244127466
1421.076562500  0.243762158
1421.082031250  0.243910755
1421.087500000  0.242651788
1421.092968750  0.242995937
1421.098437500  0.243051810
1421.103906250  0.242094117
1421.109375000  0.244129250
1421.114843750  0.243408152
1421.120312500  0.242986702
1421.125781250  0.243237135
1421.131250000  0.253418872
1421.136718750  0.253170895
1421.142187500  0.251361479
1421.147656250  0.242979743
1421.153125000  0.241285668
1421.158593750  0.240931976
1421.164062500  0.240609204
1421.169531250  0.239664473
1421.175000000  0.239948658
1421.180468750  0.239574189
1421.185937500  0.239911010
1421.191406250  0.237273831
1421.196875000  0.238232331
1421.202343750  0.238077147
1421.207812500  0.236872882
1421.213281250  0.236778471
1421.218750000  0.236918131
1421.224218750  0.236972551
1421.229687500  0.237148420
1421.235156250  0.236145371
1421.240625000  0.235550534
1421.246093750  0.235582161
1421.251562500  0.235531943
1421.257031250  0.234298905
1421.262500000  0.234258805
1421.267968750  0.233884150
1421.273437500  0.233943916
1421.278906250  0.234207963
1421.284375000  0.232920121
1421.289843750  0.232042381
1421.295312500  0.232695656
1421.300781250  0.231305313
1421.306250000  0.231355320
1421.311718750  0.230704136
1421.317187500  0.230554098
1421.322656250  0.230266560
1421.328125000  0.230158218
1421.333593750  0.230133671
1421.339062500  0.228953527
1421.344531250  0.229958351
1421.350000000  0.228997115
1421.355468750  0.229689296
1421.360937500  0.228686196
1421.366406250  0.229013672
1421.371875000  0.227607011
1421.377343750  0.228025207
1421.382812500  0.227397588
1421.388281250  0.227352637
1421.393750000  0.227078287
1421.399218750  0.226516520
1421.404687500  0.226901322
1421.410156250  0.226783127
1421.415625000  0.226902558
1421.421093750  0.225439100
1421.426562500  0.225977524
1421.432031250  0.226294756
1421.437500000  0.225227145
1421.442968750  0.225699978
1421.448437500  0.224825138
1421.453906250  0.224520865
1421.459375000  0.225016873
1421.464843750  0.225302523
1421.470312500  0.225649588
1421.475781250  0.225274273
1421.481250000  0.225647667
1421.486718750  0.230429691
1421.492187500  0.226960362
1421.497656250  0.226229461
1421.503125000  0.224445744
1421.508593750  0.223772255
1421.514062500  0.224735527
1421.519531250  0.224046678
1421.525000000  0.224061191
1421.530468750  0.224931778
1421.535937500  0.223476313
1421.541406250  0.222950772
1421.546875000  0.224226029
1421.552343750  0.224726431
1421.557812500  0.224113449
1421.563281250  0.223844110
1421.568750000  0.223753266
1421.574218750  0.224700278
1421.579687500  0.226243892
1421.585156250  0.223716540
1421.590625000  0.224473112
1421.596093750  0.224957103
1421.601562500  0.225081561
1421.607031250  0.225381083
1421.612500000  0.225176574
1421.617968750  0.225714118
1421.623437500  0.224405810
1421.628906250  0.225560190
1421.634375000  0.225047944
1421.639843750  0.224946432
1421.645312500  0.225299166
1421.650781250  0.224741045
1421.656250000  0.225965850
1421.661718750  0.225981950
1421.667187500  0.226123640
1421.672656250  0.225125042
1421.678125000  0.226891133
1421.683593750  0.225891386
1421.689062500  0.226035863
1421.694531250  0.227473661
1421.700000000  0.226340413
1421.705468750  0.226538716
1421.710937500  0.226052613
1421.716406250  0.226333206
1421.721875000  0.226519324
1421.727343750  0.226643090
1421.732812500  0.226218466
1421.738281250  0.228146376
1421.743750000  0.226287330
1421.749218750  0.226181859
1421.754687500  0.225390091
1421.760156250  0.226807730
1421.765625000  0.226547937
1421.771093750  0.226506764
1421.776562500  0.226608668
1421.782031250  0.225584593
1421.787500000  0.226235797
1421.792968750  0.225733465
1421.798437500  0.225937754
1421.803906250  0.225609063
1421.809375000  0.225774634
1421.814843750  0.224612020
1421.820312500  0.224994955
1421.825781250  0.224750055
1421.831250000  0.224798791
1421.836718750  0.224061696
1421.842187500  0.223544444
1421.847656250  0.223492446
1421.853125000  0.222884500
1421.858593750  0.222959019
1421.864062500  0.221960102
1421.869531250  0.221962357
1421.875000000  0.221261521
1421.880468750  0.221407512
1421.885937500  0.221502891
1421.891406250  0.219251943
1421.896875000  0.219212464
1421.902343750  0.218058890
1421.907812500  0.217097909
1421.913281250  0.216525929
1421.918750000  0.216060860
1421.924218750  0.215217949
1421.929687500  0.214319507
1421.935156250  0.214104527
1421.940625000  0.213071807
1421.946093750  0.212446038
1421.951562500  0.211710882
1421.957031250  0.209683904
1421.962500000  0.209807315
1421.967968750  0.208806369
1421.973437500  0.206860747
1421.978906250  0.205968314
1421.984375000  0.204734092
1421.989843750  0.203072035
1421.995312500  0.202997239
1422.000781250  0.200851840
1422.006250000  0.200126714
1422.011718750  0.198817404
1422.017187500  0.198434368
1422.022656250  0.195446983
1422.028125000  0.194430650
1422.033593750  0.194254418
1422.039062500  0.191730091
1422.044531250  0.190534795
1422.050000000  0.189682659
1422.055468750  0.187411574
1422.060937500  0.185958350
1422.066406250  0.183783603
1422.071875000  0.183858816
1422.077343750  0.181084298
1422.082812500  0.179506504
1422.088281250  0.177069740
1422.093750000  0.176323133
1422.099218750  0.174060781
1422.104687500  0.172205853
1422.110156250  0.170699793
1422.115625000  0.168980582
1422.121093750  0.166644025
1422.126562500  0.165154915
1422.132031250  0.162868727
1422.137500000  0.161872807
1422.142968750  0.160326914
1422.148437500  0.158031162
1422.153906250  0.155939472
1422.159375000  0.154579346
1422.164843750  0.152663814
1422.170312500  0.150187454
1422.175781250  0.148822026
1422.181250000  0.146268246
1422.186718750  0.144752818
1422.192187500  0.142268502
1422.197656250  0.140977408
1422.203125000  0.138764221
1422.208593750  0.137221200
1422.214062500  0.134570263
1422.219531250  0.132792107
1422.225000000  0.131141411
1422.230468750  0.128424618
1422.235937500  0.127136450
1422.241406250  0.124663667
1422.246875000  0.123413165
1422.252343750  0.121084385
1422.257812500  0.120018324
1422.263281250  0.117551721
1422.268750000  0.116043150
1422.274218750  0.114022193
1422.279687500  0.112371881
1422.285156250  0.111315936
1422.290625000  0.109233104
1422.296093750  0.107508028
1422.301562500  0.106372561
1422.307031250  0.104806062
1422.312500000  0.103697707
1422.317968750  0.102247468
1422.323437500  0.101112499
1422.328906250  0.099949007
1422.334375000  0.099420481
1422.339843750  0.097431241
1422.345312500  0.096279664
1422.350781250  0.096137452
1422.356250000  0.095129400
1422.361718750  0.094064835
1422.367187500  0.093484539
1422.372656250  0.093197035
1422.378125000  0.093840334
1422.383593750  0.095018489
1422.389062500  0.094321979
1422.394531250  0.093317878

