4/18/2025 5:09:00 AM  Counts:50000
1419.600000000  0.092936081
1419.605468750  0.093419603
1419.610937500  0.093067738
1419.616406250  0.093534218
1419.621875000  0.093961702
1419.627343750  0.094762544
1419.632812500  0.095330325
1419.638281250  0.095952606
1419.643750000  0.097050188
1419.649218750  0.098827925
1419.654687500  0.099858008
1419.660156250  0.099936067
1419.665625000  0.101392873
1419.671093750  0.103094930
1419.676562500  0.104246593
1419.682031250  0.105626186
1419.687500000  0.106268136
1419.692968750  0.108959867
1419.698437500  0.111847328
1419.703906250  0.112710293
1419.709375000  0.114407253
1419.714843750  0.116226321
1419.720312500  0.118095748
1419.725781250  0.119801287
1419.731250000  0.122913236
1419.736718750  0.123694780
1419.742187500  0.126745678
1419.747656250  0.128179583
1419.753125000  0.129302376
1419.758593750  0.132125849
1419.764062500  0.133489769
1419.769531250  0.135590359
1419.775000000  0.137011192
1419.780468750  0.138753869
1419.785937500  0.140257908
1419.791406250  0.143132020
1419.796875000  0.144671638
1419.802343750  0.147867950
1419.807812500  0.149829113
1419.813281250  0.151470980
1419.818750000  0.153083866
1419.824218750  0.156566435
1419.829687500  0.156244083
1419.835156250  0.160912849
1419.840625000  0.163297959
1419.846093750  0.164472150
1419.851562500  0.165385966
1419.857031250  0.167510913
1419.862500000  0.170680360
1419.867968750  0.174260826
1419.873437500  0.183356023
1419.878906250  0.206231567
1419.884375000  0.334762714
1419.889843750  0.376037576
1419.895312500  0.208850843
1419.900781250  0.190519271
1419.906250000  0.187502511
1419.911718750  0.187259193
1419.917187500  0.187329947
1419.922656250  0.193241689
1419.928125000  0.193006033
1419.933593750  0.192765981
1419.939062500  0.192333027
1419.944531250  0.195072916
1419.950000000  0.196985086
1419.955468750  0.198193108
1419.960937500  0.199390474
1419.966406250  0.202262027
1419.971875000  0.202241805
1419.977343750  0.203689353
1419.982812500  0.206946488
1419.988281250  0.207225565
1419.993750000  0.209484615
1419.999218750  0.211195881
1420.004687500  0.211611697
1420.010156250  0.212184187
1420.015625000  0.215719898
1420.021093750  0.217353544
1420.026562500  0.218939087
1420.032031250  0.219506153
1420.037500000  0.219987354
1420.042968750  0.220428205
1420.048437500  0.221762637
1420.053906250  0.220721794
1420.059375000  0.222893539
1420.064843750  0.222619682
1420.070312500  0.224280785
1420.075781250  0.226844042
1420.081250000  0.225115605
1420.086718750  0.226046055
1420.092187500  0.226218135
1420.097656250  0.228415777
1420.103125000  0.226501562
1420.108593750  0.228615518
1420.114062500  0.227354861
1420.119531250  0.228259519
1420.125000000  0.228351624
1420.130468750  0.228953468
1420.135937500  0.228985487
1420.141406250  0.230490211
1420.146875000  0.229584843
1420.152343750  0.230372934
1420.157812500  0.230706699
1420.163281250  0.231990693
1420.168750000  0.231441568
1420.174218750  0.231274561
1420.179687500  0.230585019
1420.185156250  0.231483428
1420.190625000  0.233815912
1420.196093750  0.233786899
1420.201562500  0.232864672
1420.207031250  0.232895327
1420.212500000  0.232019220
1420.217968750  0.231585579
1420.223437500  0.231910111
1420.228906250  0.232734874
1420.234375000  0.233064835
1420.239843750  0.231707202
1420.245312500  0.232482321
1420.250781250  0.231375483
1420.256250000  0.232208134
1420.261718750  0.231641554
1420.267187500  0.231834774
1420.272656250  0.231941081
1420.278125000  0.231181145
1420.283593750  0.231663628
1420.289062500  0.231672985
1420.294531250  0.230391023
1420.300000000  0.231269905
1420.305468750  0.230641651
1420.310937500  0.230820224
1420.316406250  0.230395385
1420.321875000  0.230700751
1420.327343750  0.230817617
1420.332812500  0.231011449
1420.338281250  0.230272873
1420.343750000  0.230163460
1420.349218750  0.230090626
1420.354687500  0.230335532
1420.360156250  0.229423766
1420.365625000  0.229114269
1420.371093750  0.229650423
1420.376562500  0.230387938
1420.382031250  0.229185200
1420.387500000  0.228827515
1420.392968750  0.229393160
1420.398437500  0.227773139
1420.403906250  0.229902485
1420.409375000  0.229000833
1420.414843750  0.228831710
1420.420312500  0.228455497
1420.425781250  0.228864177
1420.431250000  0.228716202
1420.436718750  0.228034561
1420.442187500  0.227473971
1420.447656250  0.227813603
1420.453125000  0.228431320
1420.458593750  0.228296975
1420.464062500  0.227971082
1420.469531250  0.228648392
1420.475000000  0.228167005
1420.480468750  0.228998742
1420.485937500  0.227513657
1420.491406250  0.228339631
1420.496875000  0.228672176
1420.502343750  0.228783385
1420.507812500  0.227984483
1420.513281250  0.228884063
1420.518750000  0.229760651
1420.524218750  0.230571319
1420.529687500  0.230504364
1420.535156250  0.230588471
1420.540625000  0.231008146
1420.546093750  0.233298234
1420.551562500  0.232456046
1420.557031250  0.233367244
1420.562500000  0.233456761
1420.567968750  0.233137327
1420.573437500  0.234597812
1420.578906250  0.233916178
1420.584375000  0.234876103
1420.589843750  0.234833472
1420.595312500  0.235356159
1420.600781250  0.235963103
1420.606250000  0.234685157
1420.611718750  0.234161872
1420.617187500  0.235440606
1420.622656250  0.234249059
1420.628125000  0.234673534
1420.633593750  0.234170950
1420.639062500  0.233527980
1420.644531250  0.234499799
1420.650000000  0.234405634
1420.655468750  0.233681186
1420.660937500  0.233622735
1420.666406250  0.233652865
1420.671875000  0.234400167
1420.677343750  0.234135700
1420.682812500  0.233966070
1420.688281250  0.234570505
1420.693750000  0.234802528
1420.699218750  0.234734418
1420.704687500  0.234147876
1420.710156250  0.233491629
1420.715625000  0.235787737
1420.721093750  0.235013139
1420.726562500  0.236096715
1420.732031250  0.236310001
1420.737500000  0.236931004
1420.742968750  0.237107276
1420.748437500  0.236825524
1420.753906250  0.237573783
1420.759375000  0.237020870
1420.764843750  0.238122990
1420.770312500  0.238568724
1420.775781250  0.239432663
1420.781250000  0.238703400
1420.786718750  0.238209309
1420.792187500  0.238808467
1420.797656250  0.239845928
1420.803125000  0.239418369
1420.808593750  0.239207641
1420.814062500  0.239433504
1420.819531250  0.240646557
1420.825000000  0.240948347
1420.830468750  0.240849283
1420.835937500  0.240590555
1420.841406250  0.241544472
1420.846875000  0.241141554
1420.852343750  0.241959940
1420.857812500  0.243233536
1420.863281250  0.241822273
1420.868750000  0.243171411
1420.874218750  0.241842490
1420.879687500  0.243010772
1420.885156250  0.242046761
1420.890625000  0.244042884
1420.896093750  0.242836946
1420.901562500  0.243573697
1420.907031250  0.244458720
1420.912500000  0.244704984
1420.917968750  0.244010806
1420.923437500  0.244661674
1420.928906250  0.244784434
1420.934375000  0.244688096
1420.939843750  0.245445053
1420.945312500  0.244478300
1420.950781250  0.245311685
1420.956250000  0.245066210
1420.961718750  0.245602606
1420.967187500  0.246609743
1420.972656250  0.245855167
1420.978125000  0.245892898
1420.983593750  0.246106923
1420.989062500  0.245879260
1420.994531250  0.245797059
1421.000000000  0.242180035
1421.005468750  0.245636075
1421.010937500  0.245105126
1421.016406250  0.244716778
1421.021875000  0.245676528
1421.027343750  0.244809391
1421.032812500  0.244506723
1421.038281250  0.243496048
1421.043750000  0.245092284
1421.049218750  0.243732435
1421.054687500  0.244005478
1421.060156250  0.245602111
1421.065625000  0.244793010
1421.071093750  0.245010880
1421.076562500  0.244643501
1421.082031250  0.244319386
1421.087500000  0.244652338
1421.092968750  0.244125229
1421.098437500  0.242716447
1421.103906250  0.242468465
1421.109375000  0.243832679
1421.114843750  0.243384251
1421.120312500  0.242703675
1421.125781250  0.243232309
1421.131250000  0.253935770
1421.136718750  0.253105501
1421.142187500  0.252424632
1421.147656250  0.242878353
1421.153125000  0.241974573
1421.158593750  0.239915305
1421.164062500  0.240344810
1421.169531250  0.239827221
1421.175000000  0.239584547
1421.180468750  0.239829418
1421.185937500  0.240404722
1421.191406250  0.239348634
1421.196875000  0.239131915
1421.202343750  0.238050306
1421.207812500  0.237636605
1421.213281250  0.237221189
1421.218750000  0.235990413
1421.224218750  0.236121014
1421.229687500  0.236361113
1421.235156250  0.236205876
1421.240625000  0.236373174
1421.246093750  0.235392866
1421.251562500  0.234601206
1421.257031250  0.234744348
1421.262500000  0.234337330
1421.267968750  0.234581629
1421.273437500  0.233132318
1421.278906250  0.234720135
1421.284375000  0.233528516
1421.289843750  0.233750983
1421.295312500  0.232984987
1421.300781250  0.232019876
1421.306250000  0.232573846
1421.311718750  0.231608295
1421.317187500  0.230659865
1421.322656250  0.230051450
1421.328125000  0.231617720
1421.333593750  0.230796199
1421.339062500  0.230645094
1421.344531250  0.229960920
1421.350000000  0.229911007
1421.355468750  0.229385272
1421.360937500  0.228868658
1421.366406250  0.228047616
1421.371875000  0.228317441
1421.377343750  0.228768472
1421.382812500  0.228039687
1421.388281250  0.227774883
1421.393750000  0.226000731
1421.399218750  0.227156042
1421.404687500  0.227248024
1421.410156250  0.226931188
1421.415625000  0.226899831
1421.421093750  0.227399227
1421.426562500  0.226179735
1421.432031250  0.226466267
1421.437500000  0.226272182
1421.442968750  0.226314785
1421.448437500  0.224578838
1421.453906250  0.224980066
1421.459375000  0.224682500
1421.464843750  0.225743555
1421.470312500  0.225151958
1421.475781250  0.225443940
1421.481250000  0.226566395
1421.486718750  0.229934656
1421.492187500  0.227167568
1421.497656250  0.225474353
1421.503125000  0.224308632
1421.508593750  0.225478708
1421.514062500  0.224708774
1421.519531250  0.224935621
1421.525000000  0.225836585
1421.530468750  0.224181288
1421.535937500  0.224845570
1421.541406250  0.224078859
1421.546875000  0.224993896
1421.552343750  0.226675859
1421.557812500  0.224463647
1421.563281250  0.224283214
1421.568750000  0.224399715
1421.574218750  0.223995293
1421.579687500  0.225505233
1421.585156250  0.224391360
1421.590625000  0.226185366
1421.596093750  0.224770209
1421.601562500  0.224935814
1421.607031250  0.225911013
1421.612500000  0.225327306
1421.617968750  0.225708800
1421.623437500  0.226317898
1421.628906250  0.224565020
1421.634375000  0.226238929
1421.639843750  0.225730594
1421.645312500  0.225730314
1421.650781250  0.226355057
1421.656250000  0.226515165
1421.661718750  0.226041525
1421.667187500  0.225374703
1421.672656250  0.227108183
1421.678125000  0.227089204
1421.683593750  0.226780608
1421.689062500  0.226925099
1421.694531250  0.225492662
1421.700000000  0.227210141
1421.705468750  0.226755459
1421.710937500  0.227182380
1421.716406250  0.227055795
1421.721875000  0.226476418
1421.727343750  0.226819298
1421.732812500  0.226915847
1421.738281250  0.227444799
1421.743750000  0.226347111
1421.749218750  0.226577298
1421.754687500  0.227506177
1421.760156250  0.227412139
1421.765625000  0.227183670
1421.771093750  0.227164355
1421.776562500  0.227000968
1421.782031250  0.226637521
1421.787500000  0.226827292
1421.792968750  0.226447179
1421.798437500  0.225499733
1421.803906250  0.225128039
1421.809375000  0.226538553
1421.814843750  0.226858658
1421.820312500  0.225802430
1421.825781250  0.225020292
1421.831250000  0.225196750
1421.836718750  0.224738497
1421.842187500  0.223800904
1421.847656250  0.224657688
1421.853125000  0.222411651
1421.858593750  0.223818320
1421.864062500  0.222834853
1421.869531250  0.222003932
1421.875000000  0.220589638
1421.880468750  0.221866440
1421.885937500  0.221511342
1421.891406250  0.220008324
1421.896875000  0.218852277
1421.902343750  0.218974385
1421.907812500  0.216392400
1421.913281250  0.216692719
1421.918750000  0.216241153
1421.924218750  0.216103808
1421.929687500  0.214839660
1421.935156250  0.214574484
1421.940625000  0.213234763
1421.946093750  0.212438386
1421.951562500  0.211617217
1421.957031250  0.210253178
1421.962500000  0.208726906
1421.967968750  0.208989965
1421.973437500  0.206916380
1421.978906250  0.206239691
1421.984375000  0.205592711
1421.989843750  0.204060577
1421.995312500  0.203758556
1422.000781250  0.201512696
1422.006250000  0.200570096
1422.011718750  0.199895831
1422.017187500  0.197777280
1422.022656250  0.196986029
1422.028125000  0.195693925
1422.033593750  0.194022017
1422.039062500  0.192176899
1422.044531250  0.190551424
1422.050000000  0.188895738
1422.055468750  0.187581613
1422.060937500  0.186801310
1422.066406250  0.185216493
1422.071875000  0.183044998
1422.077343750  0.181541155
1422.082812500  0.180266452
1422.088281250  0.178277562
1422.093750000  0.176322453
1422.099218750  0.174593727
1422.104687500  0.172979253
1422.110156250  0.170608963
1422.115625000  0.169571899
1422.121093750  0.167313635
1422.126562500  0.165531737
1422.132031250  0.163221747
1422.137500000  0.162252435
1422.142968750  0.160233404
1422.148437500  0.158268990
1422.153906250  0.155908716
1422.159375000  0.154982260
1422.164843750  0.151919716
1422.170312500  0.150427816
1422.175781250  0.148482740
1422.181250000  0.147258636
1422.186718750  0.144564781
1422.192187500  0.142932519
1422.197656250  0.140839599
1422.203125000  0.138507019
1422.208593750  0.137228380
1422.214062500  0.134958586
1422.219531250  0.133295831
1422.225000000  0.130900652
1422.230468750  0.128852131
1422.235937500  0.127611973
1422.241406250  0.124959125
1422.246875000  0.123492024
1422.252343750  0.121692558
1422.257812500  0.119661251
1422.263281250  0.117551703
1422.268750000  0.116140617
1422.274218750  0.114355903
1422.279687500  0.112473707
1422.285156250  0.110936306
1422.290625000  0.109511334
1422.296093750  0.108184276
1422.301562500  0.106942520
1422.307031250  0.104362028
1422.312500000  0.103914290
1422.317968750  0.102304098
1422.323437500  0.101094548
1422.328906250  0.100230832
1422.334375000  0.098821795
1422.339843750  0.097829720
1422.345312500  0.096892403
1422.350781250  0.095873983
1422.356250000  0.095183077
1422.361718750  0.094659052
1422.367187500  0.093752812
1422.372656250  0.093133643
1422.378125000  0.093484397
1422.383593750  0.094925706
1422.389062500  0.093993494
1422.394531250  0.093362402

