4/18/2025 12:56:05 AM  Counts:50000
1419.200000000  0.177459521
1419.204687500  0.177564449
1419.209375000  0.177934704
1419.214062500  0.178735708
1419.218750000  0.178611570
1419.223437500  0.179643978
1419.228125000  0.179516947
1419.232812500  0.181820255
1419.237500000  0.182056565
1419.242187500  0.183749295
1419.246875000  0.185036891
1419.251562500  0.186342130
1419.256250000  0.188211815
1419.260937500  0.190433284
1419.265625000  0.191318245
1419.270312500  0.193897602
1419.275000000  0.196186053
1419.279687500  0.198685811
1419.284375000  0.199635247
1419.289062500  0.201794744
1419.293750000  0.205120993
1419.298437500  0.206812634
1419.303125000  0.208424013
1419.307812500  0.211483251
1419.312500000  0.214983070
1419.317187500  0.217884124
1419.321875000  0.220366201
1419.326562500  0.222262904
1419.331250000  0.224869742
1419.335937500  0.228071141
1419.340625000  0.231167274
1419.345312500  0.232933876
1419.350000000  0.237193377
1419.354687500  0.239502092
1419.359375000  0.241237466
1419.364062500  0.244959540
1419.368750000  0.247144498
1419.373437500  0.250546674
1419.378125000  0.253643559
1419.382812500  0.256208447
1419.387500000  0.258963566
1419.392187500  0.262025567
1419.396875000  0.263872815
1419.401562500  0.267164479
1419.406250000  0.271074528
1419.410937500  0.274335121
1419.415625000  0.275889348
1419.420312500  0.278491953
1419.425000000  0.280683902
1419.429687500  0.284322713
1419.434375000  0.286667738
1419.439062500  0.289844462
1419.443750000  0.290523932
1419.448437500  0.293637735
1419.453125000  0.295850844
1419.457812500  0.298646228
1419.462500000  0.302079190
1419.467187500  0.304117643
1419.471875000  0.304856842
1419.476562500  0.307152783
1419.481250000  0.310279047
1419.485937500  0.310449698
1419.490625000  0.312918431
1419.495312500  0.315070635
1419.500000000  0.318064066
1419.504687500  0.320020922
1419.509375000  0.321615256
1419.514062500  0.323403569
1419.518750000  0.324722071
1419.523437500  0.325633759
1419.528125000  0.327989274
1419.532812500  0.330313894
1419.537500000  0.331614004
1419.542187500  0.333426194
1419.546875000  0.334361727
1419.551562500  0.336235994
1419.556250000  0.337429074
1419.560937500  0.340007376
1419.565625000  0.340472060
1419.570312500  0.340196056
1419.575000000  0.341168340
1419.579687500  0.343948392
1419.584375000  0.345801699
1419.589062500  0.344672527
1419.593750000  0.345999185
1419.598437500  0.345821759
1419.603125000  0.349306112
1419.607812500  0.347450532
1419.612500000  0.349221084
1419.617187500  0.349363722
1419.621875000  0.350324564
1419.626562500  0.351535383
1419.631250000  0.352935888
1419.635937500  0.352900714
1419.640625000  0.351331301
1419.645312500  0.354148275
1419.650000000  0.352087571
1419.654687500  0.353730982
1419.659375000  0.356125496
1419.664062500  0.353504173
1419.668750000  0.354797364
1419.673437500  0.354727984
1419.678125000  0.355039744
1419.682812500  0.355684903
1419.687500000  0.354630076
1419.692187500  0.356094205
1419.696875000  0.355751093
1419.701562500  0.354843996
1419.706250000  0.356489866
1419.710937500  0.354631488
1419.715625000  0.354800509
1419.720312500  0.356374752
1419.725000000  0.354657327
1419.729687500  0.355143559
1419.734375000  0.354379248
1419.739062500  0.355256366
1419.743750000  0.353775049
1419.748437500  0.353435744
1419.753125000  0.354195078
1419.757812500  0.352857173
1419.762500000  0.351714989
1419.767187500  0.353598952
1419.771875000  0.350866253
1419.776562500  0.352174826
1419.781250000  0.351840771
1419.785937500  0.350056803
1419.790625000  0.349331709
1419.795312500  0.352170696
1419.800000000  0.350806026
1419.804687500  0.350115474
1419.809375000  0.348318152
1419.814062500  0.348660758
1419.818750000  0.348864844
1419.823437500  0.348814802
1419.828125000  0.347666242
1419.832812500  0.348694779
1419.837500000  0.348057440
1419.842187500  0.346567023
1419.846875000  0.347484791
1419.851562500  0.347418677
1419.856250000  0.345544791
1419.860937500  0.345309635
1419.865625000  0.347405961
1419.870312500  0.344537156
1419.875000000  0.344963017
1419.879687500  0.345224740
1419.884375000  0.348125374
1419.889062500  0.348308345
1419.893750000  0.345556103
1419.898437500  0.343310736
1419.903125000  0.343221350
1419.907812500  0.341098483
1419.912500000  0.343460988
1419.917187500  0.341823573
1419.921875000  0.342582545
1419.926562500  0.341712289
1419.931250000  0.341034463
1419.935937500  0.341319759
1419.940625000  0.339615352
1419.945312500  0.339014035
1419.950000000  0.340115725
1419.954687500  0.339764917
1419.959375000  0.339411691
1419.964062500  0.340023395
1419.968750000  0.339741848
1419.973437500  0.339505649
1419.978125000  0.340264202
1419.982812500  0.339429284
1419.987500000  0.340659651
1419.992187500  0.338842389
1419.996875000  0.340215149
1420.001562500  0.339933592
1420.006250000  0.338581055
1420.010937500  0.339227401
1420.015625000  0.340777179
1420.020312500  0.339453474
1420.025000000  0.340190362
1420.029687500  0.337949397
1420.034375000  0.340178390
1420.039062500  0.339628955
1420.043750000  0.339343137
1420.048437500  0.339023723
1420.053125000  0.340490754
1420.057812500  0.341156341
1420.062500000  0.342055583
1420.067187500  0.341783559
1420.071875000  0.341132562
1420.076562500  0.343631626
1420.081250000  0.340736205
1420.085937500  0.343614172
1420.090625000  0.343315600
1420.095312500  0.344111858
1420.100000000  0.343831289
1420.104687500  0.344937735
1420.109375000  0.344383599
1420.114062500  0.344417186
1420.118750000  0.344981827
1420.123437500  0.346398534
1420.128125000  0.345946794
1420.132812500  0.346110299
1420.137500000  0.347542969
1420.142187500  0.348346506
1420.146875000  0.347050134
1420.151562500  0.348133757
1420.156250000  0.349225956
1420.160937500  0.349885647
1420.165625000  0.348261825
1420.170312500  0.348256446
1420.175000000  0.349831333
1420.179687500  0.351818297
1420.184375000  0.349783954
1420.189062500  0.349870141
1420.193750000  0.352705308
1420.198437500  0.355283969
1420.203125000  0.353366630
1420.207812500  0.353041179
1420.212500000  0.355577366
1420.217187500  0.354726102
1420.221875000  0.354197767
1420.226562500  0.356802876
1420.231250000  0.356831428
1420.235937500  0.357068264
1420.240625000  0.357388462
1420.245312500  0.357254145
1420.250000000  0.358021472
1420.254687500  0.358900010
1420.259375000  0.357604578
1420.264062500  0.359457237
1420.268750000  0.359147192
1420.273437500  0.359267794
1420.278125000  0.359507180
1420.282812500  0.360792901
1420.287500000  0.360952108
1420.292187500  0.361113437
1420.296875000  0.361642143
1420.301562500  0.360647145
1420.306250000  0.362021373
1420.310937500  0.363247181
1420.315625000  0.363003523
1420.320312500  0.363846845
1420.325000000  0.364518305
1420.329687500  0.364529402
1420.334375000  0.362223912
1420.339062500  0.364135541
1420.343750000  0.363983381
1420.348437500  0.365030123
1420.353125000  0.363698299
1420.357812500  0.363325960
1420.362500000  0.364536234
1420.367187500  0.366097409
1420.371875000  0.365130925
1420.376562500  0.364036010
1420.381250000  0.365165315
1420.385937500  0.366058145
1420.390625000  0.364824821
1420.395312500  0.365771821
1420.400000000  0.361515205
1420.404687500  0.364237224
1420.409375000  0.365175435
1420.414062500  0.366666321
1420.418750000  0.366428824
1420.423437500  0.365039592
1420.428125000  0.365964147
1420.432812500  0.364580918
1420.437500000  0.365220424
1420.442187500  0.364423414
1420.446875000  0.364462083
1420.451562500  0.364687132
1420.456250000  0.364896826
1420.460937500  0.363964480
1420.465625000  0.364815216
1420.470312500  0.363447015
1420.475000000  0.363579069
1420.479687500  0.364025144
1420.484375000  0.363244299
1420.489062500  0.364219257
1420.493750000  0.363353803
1420.498437500  0.363852321
1420.503125000  0.362160202
1420.507812500  0.362554996
1420.512500000  0.360920190
1420.517187500  0.360652632
1420.521875000  0.361205482
1420.526562500  0.361747270
1420.531250000  0.361021844
1420.535937500  0.359524411
1420.540625000  0.357747710
1420.545312500  0.358525231
1420.550000000  0.358685973
1420.554687500  0.357883790
1420.559375000  0.359081863
1420.564062500  0.356546669
1420.568750000  0.357011791
1420.573437500  0.356735710
1420.578125000  0.354623440
1420.582812500  0.355441978
1420.587500000  0.354621381
1420.592187500  0.354596378
1420.596875000  0.354112494
1420.601562500  0.354529964
1420.606250000  0.354704265
1420.610937500  0.352615958
1420.615625000  0.351430620
1420.620312500  0.351717856
1420.625000000  0.351183297
1420.629687500  0.349507910
1420.634375000  0.350389839
1420.639062500  0.350821386
1420.643750000  0.349475683
1420.648437500  0.348095410
1420.653125000  0.347697341
1420.657812500  0.347162763
1420.662500000  0.347831976
1420.667187500  0.346560411
1420.671875000  0.345446883
1420.676562500  0.344116210
1420.681250000  0.343747613
1420.685937500  0.344687898
1420.690625000  0.342893324
1420.695312500  0.343181982
1420.700000000  0.342889174
1420.704687500  0.342847665
1420.709375000  0.343371314
1420.714062500  0.341204668
1420.718750000  0.341565325
1420.723437500  0.341606735
1420.728125000  0.342506828
1420.732812500  0.341409399
1420.737500000  0.341149116
1420.742187500  0.341444162
1420.746875000  0.338970151
1420.751562500  0.340038489
1420.756250000  0.341434419
1420.760937500  0.340541427
1420.765625000  0.338920610
1420.770312500  0.339924463
1420.775000000  0.340478698
1420.779687500  0.338830943
1420.784375000  0.338727324
1420.789062500  0.337530587
1420.793750000  0.338549544
1420.798437500  0.337710045
1420.803125000  0.338126077
1420.807812500  0.337716496
1420.812500000  0.336644348
1420.817187500  0.339055922
1420.821875000  0.336646255
1420.826562500  0.339319797
1420.831250000  0.339148241
1420.835937500  0.338818491
1420.840625000  0.337312084
1420.845312500  0.338774383
1420.850000000  0.337346922
1420.854687500  0.337872094
1420.859375000  0.338130747
1420.864062500  0.338315557
1420.868750000  0.340628724
1420.873437500  0.338905562
1420.878125000  0.338918594
1420.882812500  0.340407147
1420.887500000  0.340251457
1420.892187500  0.340278337
1420.896875000  0.340737212
1420.901562500  0.339912630
1420.906250000  0.340451405
1420.910937500  0.341423457
1420.915625000  0.340859896
1420.920312500  0.341826530
1420.925000000  0.342125482
1420.929687500  0.342618911
1420.934375000  0.343429505
1420.939062500  0.342402540
1420.943750000  0.344336042
1420.948437500  0.344630173
1420.953125000  0.343637412
1420.957812500  0.344617573
1420.962500000  0.345001604
1420.967187500  0.344597076
1420.971875000  0.346087620
1420.976562500  0.344747843
1420.981250000  0.345238684
1420.985937500  0.347039227
1420.990625000  0.347096818
1420.995312500  0.346707959
1421.000000000  0.349495612
1421.004687500  0.347401053
1421.009375000  0.347973760
1421.014062500  0.347535772
1421.018750000  0.348374305
1421.023437500  0.349487163
1421.028125000  0.349675926
1421.032812500  0.350122608
1421.037500000  0.350764862
1421.042187500  0.350086141
1421.046875000  0.349430093
1421.051562500  0.351555120
1421.056250000  0.351503246
1421.060937500  0.351799620
1421.065625000  0.351200426
1421.070312500  0.351009404
1421.075000000  0.351686072
1421.079687500  0.351275513
1421.084375000  0.351255385
1421.089062500  0.349511348
1421.093750000  0.350546362
1421.098437500  0.353485811
1421.103125000  0.353178087
1421.107812500  0.351007297
1421.112500000  0.352969394
1421.117187500  0.352930716
1421.121875000  0.352272688
1421.126562500  0.349460922
1421.131250000  0.351267052
1421.135937500  0.351839281
1421.140625000  0.351029639
1421.145312500  0.349109717
1421.150000000  0.349864322
1421.154687500  0.348261633
1421.159375000  0.348522394
1421.164062500  0.347939700
1421.168750000  0.346988900
1421.173437500  0.345828688
1421.178125000  0.347994595
1421.182812500  0.345320994
1421.187500000  0.345037631
1421.192187500  0.343595604
1421.196875000  0.344304288
1421.201562500  0.343784477
1421.206250000  0.340321735
1421.210937500  0.339606526
1421.215625000  0.339090024
1421.220312500  0.338490351
1421.225000000  0.335922170
1421.229687500  0.335596494
1421.234375000  0.334901096
1421.239062500  0.333703986
1421.243750000  0.332886013
1421.248437500  0.330181663
1421.253125000  0.329953550
1421.257812500  0.327560268
1421.262500000  0.326538449
1421.267187500  0.325106122
1421.271875000  0.323622432
1421.276562500  0.322507757
1421.281250000  0.320223554
1421.285937500  0.320068587
1421.290625000  0.316359723
1421.295312500  0.315106626
1421.300000000  0.313439635
1421.304687500  0.310976273
1421.309375000  0.308610682
1421.314062500  0.305977546
1421.318750000  0.303582053
1421.323437500  0.302651115
1421.328125000  0.300548704
1421.332812500  0.298775737
1421.337500000  0.295163712
1421.342187500  0.293374268
1421.346875000  0.290104613
1421.351562500  0.289039030
1421.356250000  0.285169786
1421.360937500  0.283018300
1421.365625000  0.281743540
1421.370312500  0.277977534
1421.375000000  0.276643598
1421.379687500  0.273999981
1421.384375000  0.270836984
1421.389062500  0.268085715
1421.393750000  0.264855937
1421.398437500  0.262396341
1421.403125000  0.259492494
1421.407812500  0.256552959
1421.412500000  0.254770157
1421.417187500  0.251204784
1421.421875000  0.248330562
1421.426562500  0.246355512
1421.431250000  0.243711640
1421.435937500  0.240800087
1421.440625000  0.238367321
1421.445312500  0.235982071
1421.450000000  0.232774751
1421.454687500  0.229570085
1421.459375000  0.227344392
1421.464062500  0.224239379
1421.468750000  0.222028919
1421.473437500  0.219123667
1421.478125000  0.216101657
1421.482812500  0.213956770
1421.487500000  0.211608650
1421.492187500  0.208910664
1421.496875000  0.205637993
1421.501562500  0.203231734
1421.506250000  0.200535881
1421.510937500  0.199371721
1421.515625000  0.197057771
1421.520312500  0.194486863
1421.525000000  0.193382394
1421.529687500  0.192047253
1421.534375000  0.189178952
1421.539062500  0.188654896
1421.543750000  0.186335412
1421.548437500  0.184629637
1421.553125000  0.182419643
1421.557812500  0.181780962
1421.562500000  0.180597485
1421.567187500  0.179509838
1421.571875000  0.178643920
1421.576562500  0.178682207
1421.581250000  0.177711395
1421.585937500  0.177359589
1421.590625000  0.177880767
1421.595312500  0.177541241

