4/18/2025 1:03:27 AM  Counts:50000
1419.200000000  0.175149352
1419.204687500  0.175924691
1419.209375000  0.176027835
1419.214062500  0.176432233
1419.218750000  0.177111389
1419.223437500  0.178215514
1419.228125000  0.178677590
1419.232812500  0.179935917
1419.237500000  0.181452497
1419.242187500  0.182422755
1419.246875000  0.183690841
1419.251562500  0.184337865
1419.256250000  0.187369407
1419.260937500  0.188544941
1419.265625000  0.190747048
1419.270312500  0.192373801
1419.275000000  0.193455430
1419.279687500  0.196820156
1419.284375000  0.198577412
1419.289062500  0.199712473
1419.293750000  0.203211681
1419.298437500  0.205157504
1419.303125000  0.207736665
1419.307812500  0.210608865
1419.312500000  0.212676484
1419.317187500  0.215740407
1419.321875000  0.218968622
1419.326562500  0.221267834
1419.331250000  0.223613042
1419.335937500  0.226829897
1419.340625000  0.230139516
1419.345312500  0.232519624
1419.350000000  0.233320967
1419.354687500  0.237774968
1419.359375000  0.239789280
1419.364062500  0.243921935
1419.368750000  0.246235278
1419.373437500  0.248863424
1419.378125000  0.252230286
1419.382812500  0.255414541
1419.387500000  0.257062310
1419.392187500  0.260474078
1419.396875000  0.263971723
1419.401562500  0.267593156
1419.406250000  0.268600545
1419.410937500  0.271480353
1419.415625000  0.273823563
1419.420312500  0.276727834
1419.425000000  0.278497971
1419.429687500  0.281658222
1419.434375000  0.285205881
1419.439062500  0.286178062
1419.443750000  0.288470237
1419.448437500  0.291985583
1419.453125000  0.294330789
1419.457812500  0.296680044
1419.462500000  0.298730540
1419.467187500  0.301256351
1419.471875000  0.303679235
1419.476562500  0.305363803
1419.481250000  0.308020059
1419.485937500  0.310293994
1419.490625000  0.312871626
1419.495312500  0.313600395
1419.500000000  0.316747449
1419.504687500  0.317448303
1419.509375000  0.320205719
1419.514062500  0.322314420
1419.518750000  0.324212485
1419.523437500  0.327763381
1419.528125000  0.328145864
1419.532812500  0.329618988
1419.537500000  0.331045309
1419.542187500  0.333450680
1419.546875000  0.332773543
1419.551562500  0.334613167
1419.556250000  0.337667852
1419.560937500  0.337464785
1419.565625000  0.338886892
1419.570312500  0.339240766
1419.575000000  0.341509349
1419.579687500  0.342021737
1419.584375000  0.342823221
1419.589062500  0.345156122
1419.593750000  0.344320903
1419.598437500  0.346634840
1419.603125000  0.347255353
1419.607812500  0.347116561
1419.612500000  0.348884342
1419.617187500  0.350770404
1419.621875000  0.349995980
1419.626562500  0.351026452
1419.631250000  0.351489085
1419.635937500  0.353133544
1419.640625000  0.351998035
1419.645312500  0.351902999
1419.650000000  0.354106224
1419.654687500  0.355205328
1419.659375000  0.353300597
1419.664062500  0.355684066
1419.668750000  0.355051220
1419.673437500  0.355312722
1419.678125000  0.356608021
1419.682812500  0.355724426
1419.687500000  0.355523014
1419.692187500  0.356460994
1419.696875000  0.355420484
1419.701562500  0.356906166
1419.706250000  0.356975152
1419.710937500  0.357510283
1419.715625000  0.355736792
1419.720312500  0.357654594
1419.725000000  0.356716490
1419.729687500  0.358224167
1419.734375000  0.356684954
1419.739062500  0.358408279
1419.743750000  0.357443471
1419.748437500  0.356668774
1419.753125000  0.358060417
1419.757812500  0.355094730
1419.762500000  0.354026669
1419.767187500  0.352620470
1419.771875000  0.353428293
1419.776562500  0.352378152
1419.781250000  0.352032590
1419.785937500  0.352813442
1419.790625000  0.351274520
1419.795312500  0.350842069
1419.800000000  0.349656604
1419.804687500  0.350215993
1419.809375000  0.350866719
1419.814062500  0.349840969
1419.818750000  0.349852123
1419.823437500  0.348807570
1419.828125000  0.348753023
1419.832812500  0.347639885
1419.837500000  0.347566508
1419.842187500  0.346188040
1419.846875000  0.348120801
1419.851562500  0.348180425
1419.856250000  0.344947271
1419.860937500  0.345733906
1419.865625000  0.347885894
1419.870312500  0.346655424
1419.875000000  0.356442314
1419.879687500  0.374715617
1419.884375000  0.569737240
1419.889062500  0.484128629
1419.893750000  0.365846533
1419.898437500  0.350251751
1419.903125000  0.344849523
1419.907812500  0.341654484
1419.912500000  0.343456471
1419.917187500  0.340301179
1419.921875000  0.345152077
1419.926562500  0.341108402
1419.931250000  0.341462572
1419.935937500  0.339887000
1419.940625000  0.340181576
1419.945312500  0.341061240
1419.950000000  0.339794060
1419.954687500  0.340325506
1419.959375000  0.338066121
1419.964062500  0.342531166
1419.968750000  0.338834365
1419.973437500  0.339647662
1419.978125000  0.340221952
1419.982812500  0.339894464
1419.987500000  0.339405387
1419.992187500  0.339503901
1419.996875000  0.339906476
1420.001562500  0.341071926
1420.006250000  0.337816256
1420.010937500  0.340691724
1420.015625000  0.340679101
1420.020312500  0.342334060
1420.025000000  0.341222761
1420.029687500  0.340703719
1420.034375000  0.343128780
1420.039062500  0.341316872
1420.043750000  0.343238378
1420.048437500  0.341891312
1420.053125000  0.342381106
1420.057812500  0.342774804
1420.062500000  0.341877567
1420.067187500  0.341394733
1420.071875000  0.341421924
1420.076562500  0.342885414
1420.081250000  0.342467569
1420.085937500  0.344900622
1420.090625000  0.344956664
1420.095312500  0.344461493
1420.100000000  0.344669791
1420.104687500  0.344559090
1420.109375000  0.344470756
1420.114062500  0.343342171
1420.118750000  0.345363631
1420.123437500  0.345261287
1420.128125000  0.346085557
1420.132812500  0.347053359
1420.137500000  0.345809844
1420.142187500  0.347628222
1420.146875000  0.347545357
1420.151562500  0.345633956
1420.156250000  0.348520715
1420.160937500  0.348158586
1420.165625000  0.349726627
1420.170312500  0.349547190
1420.175000000  0.349949703
1420.179687500  0.349972760
1420.184375000  0.351370727
1420.189062500  0.350037214
1420.193750000  0.350784134
1420.198437500  0.352701562
1420.203125000  0.352372412
1420.207812500  0.353853810
1420.212500000  0.353446249
1420.217187500  0.354291019
1420.221875000  0.354256263
1420.226562500  0.354049411
1420.231250000  0.355041864
1420.235937500  0.355980018
1420.240625000  0.355644343
1420.245312500  0.356113393
1420.250000000  0.357175746
1420.254687500  0.357622925
1420.259375000  0.356518357
1420.264062500  0.357139647
1420.268750000  0.358319062
1420.273437500  0.358094286
1420.278125000  0.358799765
1420.282812500  0.359700904
1420.287500000  0.360855577
1420.292187500  0.359456696
1420.296875000  0.359395740
1420.301562500  0.360336823
1420.306250000  0.360863609
1420.310937500  0.361153775
1420.315625000  0.361198064
1420.320312500  0.361280732
1420.325000000  0.360940470
1420.329687500  0.361757387
1420.334375000  0.362375024
1420.339062500  0.362232946
1420.343750000  0.361424168
1420.348437500  0.362259080
1420.353125000  0.364492821
1420.357812500  0.361343767
1420.362500000  0.363222948
1420.367187500  0.363317383
1420.371875000  0.363247349
1420.376562500  0.363648175
1420.381250000  0.363573163
1420.385937500  0.363357710
1420.390625000  0.364070966
1420.395312500  0.364979928
1420.400000000  0.360485795
1420.404687500  0.364531369
1420.409375000  0.363358107
1420.414062500  0.363290662
1420.418750000  0.364182862
1420.423437500  0.362934931
1420.428125000  0.363260197
1420.432812500  0.363783121
1420.437500000  0.363942945
1420.442187500  0.362598712
1420.446875000  0.364514960
1420.451562500  0.363161629
1420.456250000  0.363888599
1420.460937500  0.364396382
1420.465625000  0.362787782
1420.470312500  0.362260171
1420.475000000  0.362875026
1420.479687500  0.363563807
1420.484375000  0.362828170
1420.489062500  0.362415239
1420.493750000  0.362008555
1420.498437500  0.361282958
1420.503125000  0.362175216
1420.507812500  0.361030810
1420.512500000  0.361282246
1420.517187500  0.361186234
1420.521875000  0.359440142
1420.526562500  0.359353019
1420.531250000  0.361558402
1420.535937500  0.359679132
1420.540625000  0.360304262
1420.545312500  0.359839289
1420.550000000  0.359284280
1420.554687500  0.359279678
1420.559375000  0.360075190
1420.564062500  0.359563470
1420.568750000  0.358656158
1420.573437500  0.358328781
1420.578125000  0.357614159
1420.582812500  0.357220905
1420.587500000  0.356660573
1420.592187500  0.356036366
1420.596875000  0.355812875
1420.601562500  0.356215784
1420.606250000  0.356116875
1420.610937500  0.353837113
1420.615625000  0.354944547
1420.620312500  0.352998637
1420.625000000  0.352354237
1420.629687500  0.353786709
1420.634375000  0.350971577
1420.639062500  0.350167904
1420.643750000  0.348322244
1420.648437500  0.348859848
1420.653125000  0.349155515
1420.657812500  0.347722209
1420.662500000  0.347310915
1420.667187500  0.344842393
1420.671875000  0.345255838
1420.676562500  0.345699075
1420.681250000  0.345225776
1420.685937500  0.344950559
1420.690625000  0.344250781
1420.695312500  0.342456902
1420.700000000  0.342594571
1420.704687500  0.341223991
1420.709375000  0.340879063
1420.714062500  0.342776144
1420.718750000  0.341635644
1420.723437500  0.338608017
1420.728125000  0.340283821
1420.732812500  0.341113549
1420.737500000  0.340539524
1420.742187500  0.339843226
1420.746875000  0.337626233
1420.751562500  0.337551780
1420.756250000  0.338218224
1420.760937500  0.338097896
1420.765625000  0.338112990
1420.770312500  0.337693269
1420.775000000  0.337060921
1420.779687500  0.335205158
1420.784375000  0.336610911
1420.789062500  0.335866826
1420.793750000  0.337714586
1420.798437500  0.337131753
1420.803125000  0.335947366
1420.807812500  0.336735884
1420.812500000  0.336171674
1420.817187500  0.336271737
1420.821875000  0.335976552
1420.826562500  0.334824160
1420.831250000  0.334457132
1420.835937500  0.339329817
1420.840625000  0.336296475
1420.845312500  0.335039351
1420.850000000  0.337119076
1420.854687500  0.337509436
1420.859375000  0.337377811
1420.864062500  0.336770474
1420.868750000  0.337296740
1420.873437500  0.335906665
1420.878125000  0.338433448
1420.882812500  0.338106234
1420.887500000  0.335322012
1420.892187500  0.337965844
1420.896875000  0.337784553
1420.901562500  0.337615366
1420.906250000  0.338156855
1420.910937500  0.340262412
1420.915625000  0.338046267
1420.920312500  0.339636751
1420.925000000  0.340157678
1420.929687500  0.339498949
1420.934375000  0.341016606
1420.939062500  0.340728065
1420.943750000  0.341278799
1420.948437500  0.343231149
1420.953125000  0.341953460
1420.957812500  0.341701791
1420.962500000  0.342944130
1420.967187500  0.342767328
1420.971875000  0.342760718
1420.976562500  0.342920337
1420.981250000  0.344759067
1420.985937500  0.344048838
1420.990625000  0.344000164
1420.995312500  0.344693901
1421.000000000  0.345473069
1421.004687500  0.345361596
1421.009375000  0.344701822
1421.014062500  0.346027800
1421.018750000  0.347353970
1421.023437500  0.346302834
1421.028125000  0.346009493
1421.032812500  0.345714116
1421.037500000  0.345839876
1421.042187500  0.348194964
1421.046875000  0.347214389
1421.051562500  0.347876145
1421.056250000  0.349560250
1421.060937500  0.348297584
1421.065625000  0.345575950
1421.070312500  0.348848114
1421.075000000  0.349824107
1421.079687500  0.349295226
1421.084375000  0.350206753
1421.089062500  0.349964307
1421.093750000  0.350044550
1421.098437500  0.349825840
1421.103125000  0.350453603
1421.107812500  0.349579229
1421.112500000  0.349048558
1421.117187500  0.349171177
1421.121875000  0.348616948
1421.126562500  0.349305388
1421.131250000  0.354359260
1421.135937500  0.351761708
1421.140625000  0.354433242
1421.145312500  0.347366277
1421.150000000  0.347409800
1421.154687500  0.347477197
1421.159375000  0.346216015
1421.164062500  0.346335531
1421.168750000  0.345375192
1421.173437500  0.345455110
1421.178125000  0.344508638
1421.182812500  0.343707473
1421.187500000  0.342385960
1421.192187500  0.341504737
1421.196875000  0.339758861
1421.201562500  0.339084185
1421.206250000  0.338721338
1421.210937500  0.337780140
1421.215625000  0.336025636
1421.220312500  0.335219138
1421.225000000  0.335987616
1421.229687500  0.334917971
1421.234375000  0.333658766
1421.239062500  0.331105252
1421.243750000  0.330100265
1421.248437500  0.328395467
1421.253125000  0.327308981
1421.257812500  0.326226720
1421.262500000  0.324839741
1421.267187500  0.321641920
1421.271875000  0.322077236
1421.276562500  0.320677738
1421.281250000  0.317176409
1421.285937500  0.316197463
1421.290625000  0.314690083
1421.295312500  0.312605852
1421.300000000  0.310521423
1421.304687500  0.308973927
1421.309375000  0.306749528
1421.314062500  0.304939890
1421.318750000  0.303504578
1421.323437500  0.299916242
1421.328125000  0.300057900
1421.332812500  0.295428890
1421.337500000  0.292945951
1421.342187500  0.292064859
1421.346875000  0.288768399
1421.351562500  0.285357517
1421.356250000  0.285000004
1421.360937500  0.281405233
1421.365625000  0.279032880
1421.370312500  0.275673948
1421.375000000  0.273871893
1421.379687500  0.271345822
1421.384375000  0.269622810
1421.389062500  0.267157020
1421.393750000  0.263508590
1421.398437500  0.261880218
1421.403125000  0.257086968
1421.407812500  0.255457841
1421.412500000  0.252169160
1421.417187500  0.251155214
1421.421875000  0.246783831
1421.426562500  0.244884271
1421.431250000  0.241775612
1421.435937500  0.239464064
1421.440625000  0.237056460
1421.445312500  0.233010377
1421.450000000  0.230177190
1421.454687500  0.227814119
1421.459375000  0.225334456
1421.464062500  0.222373580
1421.468750000  0.219751559
1421.473437500  0.217049135
1421.478125000  0.214805907
1421.482812500  0.213222761
1421.487500000  0.209729539
1421.492187500  0.207909278
1421.496875000  0.205651730
1421.501562500  0.202652739
1421.506250000  0.199703409
1421.510937500  0.197441512
1421.515625000  0.195265360
1421.520312500  0.193674224
1421.525000000  0.191674540
1421.529687500  0.190325766
1421.534375000  0.188540649
1421.539062500  0.185958626
1421.543750000  0.184462338
1421.548437500  0.183321743
1421.553125000  0.182318055
1421.557812500  0.181241198
1421.562500000  0.179096323
1421.567187500  0.178569374
1421.571875000  0.177309087
1421.576562500  0.177878868
1421.581250000  0.176768867
1421.585937500  0.176016545
1421.590625000  0.175795391
1421.595312500  0.174997373

