4/18/2025 1:03:38 AM  Counts:50000
1419.200000000  0.176035370
1419.204687500  0.176111661
1419.209375000  0.176088630
1419.214062500  0.176457974
1419.218750000  0.177478414
1419.223437500  0.179083818
1419.228125000  0.178695339
1419.232812500  0.179343512
1419.237500000  0.181251373
1419.242187500  0.182006387
1419.246875000  0.183719859
1419.251562500  0.185120888
1419.256250000  0.186782701
1419.260937500  0.188595142
1419.265625000  0.190384735
1419.270312500  0.191918144
1419.275000000  0.194355093
1419.279687500  0.195143176
1419.284375000  0.198403145
1419.289062500  0.201344723
1419.293750000  0.203135075
1419.298437500  0.205809274
1419.303125000  0.207982503
1419.307812500  0.210698566
1419.312500000  0.213392406
1419.317187500  0.216631805
1419.321875000  0.218872727
1419.326562500  0.221669748
1419.331250000  0.224333407
1419.335937500  0.225729026
1419.340625000  0.228515975
1419.345312500  0.231477016
1419.350000000  0.234779707
1419.354687500  0.237855713
1419.359375000  0.241027505
1419.364062500  0.243274255
1419.368750000  0.246185550
1419.373437500  0.249104664
1419.378125000  0.251526848
1419.382812500  0.254876562
1419.387500000  0.257506933
1419.392187500  0.260565486
1419.396875000  0.263025176
1419.401562500  0.266623839
1419.406250000  0.268652527
1419.410937500  0.270373242
1419.415625000  0.275053679
1419.420312500  0.276078647
1419.425000000  0.278958918
1419.429687500  0.283006618
1419.434375000  0.284118721
1419.439062500  0.286108959
1419.443750000  0.290543802
1419.448437500  0.291107989
1419.453125000  0.294502718
1419.457812500  0.296628513
1419.462500000  0.299111171
1419.467187500  0.301238125
1419.471875000  0.304132179
1419.476562500  0.305453720
1419.481250000  0.307027356
1419.485937500  0.309098879
1419.490625000  0.312290443
1419.495312500  0.313144811
1419.500000000  0.315318351
1419.504687500  0.318840525
1419.509375000  0.320179479
1419.514062500  0.322688175
1419.518750000  0.324522727
1419.523437500  0.326210864
1419.528125000  0.327761620
1419.532812500  0.328447169
1419.537500000  0.331811104
1419.542187500  0.331134137
1419.546875000  0.332881442
1419.551562500  0.334092191
1419.556250000  0.336397091
1419.560937500  0.337132252
1419.565625000  0.340559213
1419.570312500  0.339276533
1419.575000000  0.342149650
1419.579687500  0.342510558
1419.584375000  0.341492214
1419.589062500  0.346150931
1419.593750000  0.346426829
1419.598437500  0.345505952
1419.603125000  0.347259648
1419.607812500  0.348558305
1419.612500000  0.347665274
1419.617187500  0.347983574
1419.621875000  0.351285486
1419.626562500  0.350893887
1419.631250000  0.350500395
1419.635937500  0.349855671
1419.640625000  0.351860649
1419.645312500  0.353876636
1419.650000000  0.354359116
1419.654687500  0.354429266
1419.659375000  0.351484937
1419.664062500  0.356241523
1419.668750000  0.355694774
1419.673437500  0.355609079
1419.678125000  0.354063636
1419.682812500  0.356075542
1419.687500000  0.355351088
1419.692187500  0.357958244
1419.696875000  0.357560661
1419.701562500  0.355958564
1419.706250000  0.356413798
1419.710937500  0.357336042
1419.715625000  0.356369298
1419.720312500  0.356940754
1419.725000000  0.357604615
1419.729687500  0.360387231
1419.734375000  0.358153330
1419.739062500  0.357655619
1419.743750000  0.356551707
1419.748437500  0.354974382
1419.753125000  0.356324824
1419.757812500  0.355834380
1419.762500000  0.354351712
1419.767187500  0.353143867
1419.771875000  0.353695932
1419.776562500  0.351813977
1419.781250000  0.353259509
1419.785937500  0.351768473
1419.790625000  0.352113363
1419.795312500  0.350988372
1419.800000000  0.350041264
1419.804687500  0.350080652
1419.809375000  0.350414713
1419.814062500  0.350774783
1419.818750000  0.347989425
1419.823437500  0.348457056
1419.828125000  0.348375034
1419.832812500  0.347771160
1419.837500000  0.348685935
1419.842187500  0.347828963
1419.846875000  0.347854460
1419.851562500  0.347231790
1419.856250000  0.345181729
1419.860937500  0.346163520
1419.865625000  0.346619298
1419.870312500  0.348928673
1419.875000000  0.354726215
1419.879687500  0.374606549
1419.884375000  0.571126018
1419.889062500  0.482775825
1419.893750000  0.365522155
1419.898437500  0.350447046
1419.903125000  0.344825835
1419.907812500  0.344094310
1419.912500000  0.344099586
1419.917187500  0.342029280
1419.921875000  0.344991927
1419.926562500  0.342923388
1419.931250000  0.341139004
1419.935937500  0.339717195
1419.940625000  0.341728834
1419.945312500  0.339058531
1419.950000000  0.341113857
1419.954687500  0.338680643
1419.959375000  0.340556977
1419.964062500  0.342979063
1419.968750000  0.338842924
1419.973437500  0.339276002
1419.978125000  0.340601957
1419.982812500  0.339501200
1419.987500000  0.339208285
1419.992187500  0.339070954
1419.996875000  0.340243921
1420.001562500  0.342509750
1420.006250000  0.340857651
1420.010937500  0.340320099
1420.015625000  0.340538017
1420.020312500  0.341684307
1420.025000000  0.341532211
1420.029687500  0.340996339
1420.034375000  0.342777140
1420.039062500  0.343097230
1420.043750000  0.344287774
1420.048437500  0.341469740
1420.053125000  0.342753944
1420.057812500  0.342239378
1420.062500000  0.342148019
1420.067187500  0.342312408
1420.071875000  0.341729209
1420.076562500  0.343424745
1420.081250000  0.343804714
1420.085937500  0.343581147
1420.090625000  0.343837276
1420.095312500  0.345316420
1420.100000000  0.344947693
1420.104687500  0.344147070
1420.109375000  0.342645745
1420.114062500  0.343115300
1420.118750000  0.345439206
1420.123437500  0.347603429
1420.128125000  0.345054511
1420.132812500  0.345948631
1420.137500000  0.345459885
1420.142187500  0.346799153
1420.146875000  0.347850968
1420.151562500  0.348004063
1420.156250000  0.348526849
1420.160937500  0.348050158
1420.165625000  0.348678737
1420.170312500  0.348994411
1420.175000000  0.348934964
1420.179687500  0.351271712
1420.184375000  0.348995452
1420.189062500  0.351620402
1420.193750000  0.351511685
1420.198437500  0.351228596
1420.203125000  0.352310855
1420.207812500  0.354082399
1420.212500000  0.350847591
1420.217187500  0.352988669
1420.221875000  0.352857602
1420.226562500  0.354770258
1420.231250000  0.355822570
1420.235937500  0.354938646
1420.240625000  0.354162032
1420.245312500  0.355318695
1420.250000000  0.356184567
1420.254687500  0.356458565
1420.259375000  0.356626821
1420.264062500  0.359428199
1420.268750000  0.356834280
1420.273437500  0.357823864
1420.278125000  0.359283656
1420.282812500  0.358062625
1420.287500000  0.359036560
1420.292187500  0.360520452
1420.296875000  0.359219716
1420.301562500  0.358980856
1420.306250000  0.359496645
1420.310937500  0.360974074
1420.315625000  0.361273020
1420.320312500  0.361361860
1420.325000000  0.362111302
1420.329687500  0.361998521
1420.334375000  0.361326695
1420.339062500  0.362233731
1420.343750000  0.360989020
1420.348437500  0.362563599
1420.353125000  0.363075017
1420.357812500  0.362122568
1420.362500000  0.362961768
1420.367187500  0.363843755
1420.371875000  0.363102573
1420.376562500  0.363330561
1420.381250000  0.361674279
1420.385937500  0.363817522
1420.390625000  0.365229259
1420.395312500  0.365908581
1420.400000000  0.360529164
1420.404687500  0.363229683
1420.409375000  0.365596920
1420.414062500  0.363546124
1420.418750000  0.364448982
1420.423437500  0.361852764
1420.428125000  0.363806332
1420.432812500  0.362538018
1420.437500000  0.362822335
1420.442187500  0.363815938
1420.446875000  0.364205863
1420.451562500  0.363802848
1420.456250000  0.363331052
1420.460937500  0.362664212
1420.465625000  0.361841789
1420.470312500  0.361677383
1420.475000000  0.363698931
1420.479687500  0.362856298
1420.484375000  0.362255402
1420.489062500  0.361813565
1420.493750000  0.362260695
1420.498437500  0.361538624
1420.503125000  0.360608228
1420.507812500  0.362881543
1420.512500000  0.360742905
1420.517187500  0.361992139
1420.521875000  0.360570630
1420.526562500  0.360329932
1420.531250000  0.361987040
1420.535937500  0.359471770
1420.540625000  0.361435337
1420.545312500  0.360408173
1420.550000000  0.358628828
1420.554687500  0.359827132
1420.559375000  0.358732432
1420.564062500  0.358641262
1420.568750000  0.360086111
1420.573437500  0.356828720
1420.578125000  0.358511040
1420.582812500  0.357122823
1420.587500000  0.355912708
1420.592187500  0.356959974
1420.596875000  0.356749316
1420.601562500  0.354682784
1420.606250000  0.355411846
1420.610937500  0.355883679
1420.615625000  0.353754570
1420.620312500  0.352895042
1420.625000000  0.353540239
1420.629687500  0.352951003
1420.634375000  0.350682298
1420.639062500  0.351019435
1420.643750000  0.348201641
1420.648437500  0.349524867
1420.653125000  0.346390306
1420.657812500  0.346528444
1420.662500000  0.348234001
1420.667187500  0.346921342
1420.671875000  0.344609922
1420.676562500  0.344938822
1420.681250000  0.345501950
1420.685937500  0.344971007
1420.690625000  0.343800630
1420.695312500  0.342085222
1420.700000000  0.342831669
1420.704687500  0.341951432
1420.709375000  0.342232410
1420.714062500  0.341782075
1420.718750000  0.341416318
1420.723437500  0.339660357
1420.728125000  0.339969816
1420.732812500  0.340735743
1420.737500000  0.340405005
1420.742187500  0.339004281
1420.746875000  0.339034445
1420.751562500  0.338260412
1420.756250000  0.337957224
1420.760937500  0.338264231
1420.765625000  0.337572170
1420.770312500  0.338480971
1420.775000000  0.337642935
1420.779687500  0.336595089
1420.784375000  0.337408619
1420.789062500  0.334948114
1420.793750000  0.336687840
1420.798437500  0.337022950
1420.803125000  0.336667885
1420.807812500  0.336437596
1420.812500000  0.335391721
1420.817187500  0.335842883
1420.821875000  0.335603881
1420.826562500  0.335732203
1420.831250000  0.336675353
1420.835937500  0.337518289
1420.840625000  0.335497466
1420.845312500  0.337084518
1420.850000000  0.336563723
1420.854687500  0.335747733
1420.859375000  0.337112443
1420.864062500  0.336479504
1420.868750000  0.338009726
1420.873437500  0.337607503
1420.878125000  0.337100816
1420.882812500  0.335045514
1420.887500000  0.339228813
1420.892187500  0.337738134
1420.896875000  0.335784500
1420.901562500  0.338737357
1420.906250000  0.337995464
1420.910937500  0.337600095
1420.915625000  0.338977530
1420.920312500  0.340103213
1420.925000000  0.339435358
1420.929687500  0.339606423
1420.934375000  0.340221043
1420.939062500  0.341381740
1420.943750000  0.341289221
1420.948437500  0.342185152
1420.953125000  0.341411121
1420.957812500  0.342030813
1420.962500000  0.342423995
1420.967187500  0.344174133
1420.971875000  0.343752055
1420.976562500  0.343415620
1420.981250000  0.343997169
1420.985937500  0.344224144
1420.990625000  0.344258809
1420.995312500  0.346034467
1421.000000000  0.344036800
1421.004687500  0.346279732
1421.009375000  0.345019763
1421.014062500  0.345515944
1421.018750000  0.345827123
1421.023437500  0.347870644
1421.028125000  0.347462974
1421.032812500  0.348152019
1421.037500000  0.347467139
1421.042187500  0.348383655
1421.046875000  0.348106312
1421.051562500  0.347225017
1421.056250000  0.349696198
1421.060937500  0.350629076
1421.065625000  0.348717251
1421.070312500  0.348586172
1421.075000000  0.349164699
1421.079687500  0.350731305
1421.084375000  0.346694459
1421.089062500  0.349751486
1421.093750000  0.349118591
1421.098437500  0.351349947
1421.103125000  0.349494066
1421.107812500  0.348435885
1421.112500000  0.349406285
1421.117187500  0.349432204
1421.121875000  0.348858789
1421.126562500  0.349507954
1421.131250000  0.354932101
1421.135937500  0.354220101
1421.140625000  0.353991241
1421.145312500  0.348753968
1421.150000000  0.347109208
1421.154687500  0.346966133
1421.159375000  0.345665371
1421.164062500  0.345394322
1421.168750000  0.345199261
1421.173437500  0.344797609
1421.178125000  0.345233956
1421.182812500  0.344444954
1421.187500000  0.342856270
1421.192187500  0.342686480
1421.196875000  0.341450649
1421.201562500  0.340459026
1421.206250000  0.338524950
1421.210937500  0.337744430
1421.215625000  0.337948023
1421.220312500  0.335183439
1421.225000000  0.335442033
1421.229687500  0.333961770
1421.234375000  0.331450808
1421.239062500  0.330018187
1421.243750000  0.329945943
1421.248437500  0.327713101
1421.253125000  0.326768567
1421.257812500  0.326903400
1421.262500000  0.323889142
1421.267187500  0.323415669
1421.271875000  0.321475231
1421.276562500  0.319883888
1421.281250000  0.317529666
1421.285937500  0.317238126
1421.290625000  0.314788574
1421.295312500  0.313569779
1421.300000000  0.311655792
1421.304687500  0.308729744
1421.309375000  0.307436649
1421.314062500  0.304249381
1421.318750000  0.301731644
1421.323437500  0.301399138
1421.328125000  0.298321035
1421.332812500  0.296853576
1421.337500000  0.294120603
1421.342187500  0.292424461
1421.346875000  0.288072935
1421.351562500  0.287849681
1421.356250000  0.283320465
1421.360937500  0.282351282
1421.365625000  0.279607200
1421.370312500  0.277637681
1421.375000000  0.274443815
1421.379687500  0.271259830
1421.384375000  0.269155498
1421.389062500  0.267087551
1421.393750000  0.263363643
1421.398437500  0.260382986
1421.403125000  0.260141645
1421.407812500  0.255391854
1421.412500000  0.253378561
1421.417187500  0.250272878
1421.421875000  0.247634873
1421.426562500  0.244572211
1421.431250000  0.241819962
1421.435937500  0.238258767
1421.440625000  0.235947370
1421.445312500  0.233501195
1421.450000000  0.231104243
1421.454687500  0.228457027
1421.459375000  0.225307935
1421.464062500  0.222645479
1421.468750000  0.220462499
1421.473437500  0.216981386
1421.478125000  0.215245149
1421.482812500  0.212049253
1421.487500000  0.209435367
1421.492187500  0.206990053
1421.496875000  0.205975545
1421.501562500  0.201534029
1421.506250000  0.200143113
1421.510937500  0.197964219
1421.515625000  0.195326666
1421.520312500  0.193029578
1421.525000000  0.191770679
1421.529687500  0.189316450
1421.534375000  0.188379501
1421.539062500  0.186113774
1421.543750000  0.184415605
1421.548437500  0.182938120
1421.553125000  0.181486743
1421.557812500  0.181164937
1421.562500000  0.178935698
1421.567187500  0.178793642
1421.571875000  0.177507890
1421.576562500  0.177243235
1421.581250000  0.177038285
1421.585937500  0.175952419
1421.590625000  0.175679165
1421.595312500  0.176015110

