4/20/2025 2:51:10 AM  Counts:100000
1419.008000000  0.097025222
1419.010734375  0.096921901
1419.013468750  0.097172995
1419.016203125  0.097492208
1419.018937500  0.097767231
1419.021671875  0.097710744
1419.024406250  0.097840943
1419.027140625  0.097931774
1419.029875000  0.098312415
1419.032609375  0.098448395
1419.035343750  0.098839836
1419.038078125  0.099533647
1419.040812500  0.099360139
1419.043546875  0.099783634
1419.046281250  0.100185396
1419.049015625  0.100368058
1419.051750000  0.101015486
1419.054484375  0.101638646
1419.057218750  0.101821098
1419.059953125  0.102495049
1419.062687500  0.103009009
1419.065421875  0.103607715
1419.068156250  0.104351427
1419.070890625  0.104631103
1419.073625000  0.105251074
1419.076359375  0.106262249
1419.079093750  0.106615179
1419.081828125  0.107251390
1419.084562500  0.107618497
1419.087296875  0.108510344
1419.090031250  0.109282171
1419.092765625  0.110322347
1419.095500000  0.110933153
1419.098234375  0.111508736
1419.100968750  0.112690735
1419.103703125  0.113231097
1419.106437500  0.114411991
1419.109171875  0.115031571
1419.111906250  0.115889056
1419.114640625  0.116843648
1419.117375000  0.117757807
1419.120109375  0.118391855
1419.122843750  0.119288014
1419.125578125  0.120485473
1419.128312500  0.121173956
1419.131046875  0.121807120
1419.133781250  0.123091427
1419.136515625  0.124071271
1419.139250000  0.125181806
1419.141984375  0.125985480
1419.144718750  0.126884842
1419.147453125  0.127915526
1419.150187500  0.129047852
1419.152921875  0.130330683
1419.155656250  0.131343886
1419.158390625  0.132154375
1419.161125000  0.133050638
1419.163859375  0.133928685
1419.166593750  0.134771965
1419.169328125  0.136522023
1419.172062500  0.137507653
1419.174796875  0.138155756
1419.177531250  0.139398035
1419.180265625  0.140757410
1419.183000000  0.141617538
1419.185734375  0.142227519
1419.188468750  0.143633554
1419.191203125  0.144732855
1419.193937500  0.145497618
1419.196671875  0.146546560
1419.199406250  0.147574619
1419.202140625  0.148575569
1419.204875000  0.149717402
1419.207609375  0.150581465
1419.210343750  0.152548101
1419.213078125  0.153007893
1419.215812500  0.154431817
1419.218546875  0.155221941
1419.221281250  0.156292192
1419.224015625  0.157615997
1419.226750000  0.158717757
1419.229484375  0.159981670
1419.232218750  0.160912232
1419.234953125  0.161188101
1419.237687500  0.162663072
1419.240421875  0.163735596
1419.243156250  0.164998938
1419.245890625  0.166064154
1419.248625000  0.166782459
1419.251359375  0.168117441
1419.254093750  0.169211792
1419.256828125  0.170214064
1419.259562500  0.171193498
1419.262296875  0.171814114
1419.265031250  0.173322936
1419.267765625  0.173927005
1419.270500000  0.175630620
1419.273234375  0.176863286
1419.275968750  0.178131472
1419.278703125  0.178777075
1419.281437500  0.179197173
1419.284171875  0.180098955
1419.286906250  0.181258835
1419.289640625  0.182337820
1419.292375000  0.183113944
1419.295109375  0.185049670
1419.297843750  0.184984995
1419.300578125  0.186020552
1419.303312500  0.187262026
1419.306046875  0.188565966
1419.308781250  0.189519557
1419.311515625  0.190586272
1419.314250000  0.190810704
1419.316984375  0.192609083
1419.319718750  0.193062296
1419.322453125  0.193839524
1419.325187500  0.194629515
1419.327921875  0.195616973
1419.330656250  0.196773667
1419.333390625  0.197746664
1419.336125000  0.197963956
1419.338859375  0.199376097
1419.341593750  0.199960384
1419.344328125  0.200693021
1419.347062500  0.201721515
1419.349796875  0.202522713
1419.352531250  0.203381024
1419.355265625  0.204368904
1419.358000000  0.205566661
1419.360734375  0.205951858
1419.363468750  0.206627167
1419.366203125  0.208049953
1419.368937500  0.208056102
1419.371671875  0.208430863
1419.374406250  0.209769270
1419.377140625  0.210812885
1419.379875000  0.211188648
1419.382609375  0.212633588
1419.385343750  0.212530050
1419.388078125  0.213432059
1419.390812500  0.213887051
1419.393546875  0.215644480
1419.396281250  0.216165619
1419.399015625  0.216793541
1419.401750000  0.216623945
1419.404484375  0.218062021
1419.407218750  0.218674395
1419.409953125  0.219442734
1419.412687500  0.219621656
1419.415421875  0.221012142
1419.418156250  0.221086000
1419.420890625  0.221807153
1419.423625000  0.222805686
1419.426359375  0.223149736
1419.429093750  0.223183424
1419.431828125  0.223258232
1419.434562500  0.224346329
1419.437296875  0.225130407
1419.440031250  0.226030921
1419.442765625  0.226678485
1419.445500000  0.226690118
1419.448234375  0.227594249
1419.450968750  0.228105305
1419.453703125  0.228199187
1419.456437500  0.229169597
1419.459171875  0.229729461
1419.461906250  0.230523571
1419.464640625  0.230791703
1419.467375000  0.231249141
1419.470109375  0.231981910
1419.472843750  0.231818843
1419.475578125  0.232249766
1419.478312500  0.232708772
1419.481046875  0.233126412
1419.483781250  0.233519948
1419.486515625  0.234103534
1419.489250000  0.234476887
1419.491984375  0.234600369
1419.494718750  0.235593216
1419.497453125  0.235375863
1419.500187500  0.236362934
1419.502921875  0.236311153
1419.505656250  0.236545635
1419.508390625  0.236321097
1419.511125000  0.237179905
1419.513859375  0.237577766
1419.516593750  0.237340840
1419.519328125  0.238693484
1419.522062500  0.239348763
1419.524796875  0.239160710
1419.527531250  0.239661092
1419.530265625  0.239514844
1419.533000000  0.239058063
1419.535734375  0.240684287
1419.538468750  0.240369901
1419.541203125  0.240853377
1419.543937500  0.241174833
1419.546671875  0.241007393
1419.549406250  0.240859753
1419.552140625  0.241914553
1419.554875000  0.242062810
1419.557609375  0.241675572
1419.560343750  0.242747939
1419.563078125  0.242393385
1419.565812500  0.242417499
1419.568546875  0.242828880
1419.571281250  0.242219867
1419.574015625  0.243594810
1419.576750000  0.243426176
1419.579484375  0.243579312
1419.582218750  0.242953550
1419.584953125  0.243595467
1419.587687500  0.244011707
1419.590421875  0.243730619
1419.593156250  0.244042285
1419.595890625  0.244498368
1419.598625000  0.244524251
1419.601359375  0.243797540
1419.604093750  0.244939801
1419.606828125  0.244498043
1419.609562500  0.244773724
1419.612296875  0.244870049
1419.615031250  0.244843007
1419.617765625  0.244968970
1419.620500000  0.244732652
1419.623234375  0.245221457
1419.625968750  0.245135608
1419.628703125  0.245438596
1419.631437500  0.245374640
1419.634171875  0.245128721
1419.636906250  0.245371780
1419.639640625  0.245587941
1419.642375000  0.245431319
1419.645109375  0.244881114
1419.647843750  0.245627164
1419.650578125  0.245807935
1419.653312500  0.245700867
1419.656046875  0.245759300
1419.658781250  0.246362790
1419.661515625  0.245278341
1419.664250000  0.245519566
1419.666984375  0.245101938
1419.669718750  0.245465090
1419.672453125  0.245572921
1419.675187500  0.245057988
1419.677921875  0.244966562
1419.680656250  0.245114656
1419.683390625  0.244924046
1419.686125000  0.244869365
1419.688859375  0.245741199
1419.691593750  0.245716823
1419.694328125  0.245553296
1419.697062500  0.245289408
1419.699796875  0.245541493
1419.702531250  0.244821680
1419.705265625  0.245076739
1419.708000000  0.244936019
1419.710734375  0.245177611
1419.713468750  0.244689001
1419.716203125  0.244886202
1419.718937500  0.244817929
1419.721671875  0.244978144
1419.724406250  0.244699175
1419.727140625  0.244988351
1419.729875000  0.244780505
1419.732609375  0.244577960
1419.735343750  0.244834612
1419.738078125  0.244759119
1419.740812500  0.244333464
1419.743546875  0.244749346
1419.746281250  0.244346467
1419.749015625  0.245114510
1419.751750000  0.243877665
1419.754484375  0.244610964
1419.757218750  0.243894982
1419.759953125  0.243774815
1419.762687500  0.243365286
1419.765421875  0.244279455
1419.768156250  0.244217083
1419.770890625  0.244241192
1419.773625000  0.243653645
1419.776359375  0.243442952
1419.779093750  0.243857274
1419.781828125  0.243456487
1419.784562500  0.242923998
1419.787296875  0.242583380
1419.790031250  0.243671769
1419.792765625  0.243731398
1419.795500000  0.243325351
1419.798234375  0.243703275
1419.800968750  0.243569278
1419.803703125  0.243307347
1419.806437500  0.242602098
1419.809171875  0.242996680
1419.811906250  0.242988652
1419.814640625  0.242907797
1419.817375000  0.243478533
1419.820109375  0.243386663
1419.822843750  0.242355556
1419.825578125  0.242527758
1419.828312500  0.242650072
1419.831046875  0.241883659
1419.833781250  0.242496567
1419.836515625  0.242293105
1419.839250000  0.242443484
1419.841984375  0.241824498
1419.844718750  0.242975565
1419.847453125  0.242993455
1419.850187500  0.241591970
1419.852921875  0.242814565
1419.855656250  0.241579198
1419.858390625  0.241164535
1419.861125000  0.242334289
1419.863859375  0.242548090
1419.866593750  0.241379261
1419.869328125  0.242180986
1419.872062500  0.242363161
1419.874796875  0.242073971
1419.877531250  0.242305768
1419.880265625  0.242411200
1419.883000000  0.243029908
1419.885734375  0.254154899
1419.888468750  0.253106862
1419.891203125  0.243072288
1419.893937500  0.242165998
1419.896671875  0.241304892
1419.899406250  0.242161547
1419.902140625  0.241771260
1419.904875000  0.241339593
1419.907609375  0.241508932
1419.910343750  0.243218478
1419.913078125  0.242299838
1419.915812500  0.241882390
1419.918546875  0.242242675
1419.921281250  0.241785336
1419.924015625  0.242934993
1419.926750000  0.242737627
1419.929484375  0.242034141
1419.932218750  0.242187420
1419.934953125  0.242084224
1419.937687500  0.241396095
1419.940421875  0.241896318
1419.943156250  0.241891792
1419.945890625  0.242095354
1419.948625000  0.243346699
1419.951359375  0.242508114
1419.954093750  0.241756018
1419.956828125  0.242165362
1419.959562500  0.242957379
1419.962296875  0.243196730
1419.965031250  0.243241703
1419.967765625  0.242430716
1419.970500000  0.242904095
1419.973234375  0.242597070
1419.975968750  0.242825156
1419.978703125  0.242083770
1419.981437500  0.242877892
1419.984171875  0.242762816
1419.986906250  0.243009920
1419.989640625  0.242925900
1419.992375000  0.243424210
1419.995109375  0.242410808
1419.997843750  0.243202320
1420.000578125  0.243968314
1420.003312500  0.243823641
1420.006046875  0.243579472
1420.008781250  0.243459985
1420.011515625  0.244263373
1420.014250000  0.244324264
1420.016984375  0.244349482
1420.019718750  0.244313378
1420.022453125  0.244677409
1420.025187500  0.245013132
1420.027921875  0.244884323
1420.030656250  0.244335508
1420.033390625  0.244664410
1420.036125000  0.244848983
1420.038859375  0.245170491
1420.041593750  0.244268566
1420.044328125  0.245447167
1420.047062500  0.246432632
1420.049796875  0.245598429
1420.052531250  0.245645518
1420.055265625  0.246366331
1420.058000000  0.246306060
1420.060734375  0.246368637
1420.063468750  0.246303432
1420.066203125  0.246371771
1420.068937500  0.246220193
1420.071671875  0.246616284
1420.074406250  0.247235827
1420.077140625  0.246590209
1420.079875000  0.246894115
1420.082609375  0.248085380
1420.085343750  0.246933535
1420.088078125  0.248181063
1420.090812500  0.248091390
1420.093546875  0.248062828
1420.096281250  0.248132443
1420.099015625  0.248543163
1420.101750000  0.248957975
1420.104484375  0.248010158
1420.107218750  0.248148007
1420.109953125  0.248688425
1420.112687500  0.249149035
1420.115421875  0.248848928
1420.118156250  0.249712877
1420.120890625  0.249107517
1420.123625000  0.249995866
1420.126359375  0.249994203
1420.129093750  0.250751975
1420.131828125  0.249752157
1420.134562500  0.249582906
1420.137296875  0.250711583
1420.140031250  0.250618119
1420.142765625  0.251111717
1420.145500000  0.251077955
1420.148234375  0.251105200
1420.150968750  0.251278511
1420.153703125  0.252413062
1420.156437500  0.252080197
1420.159171875  0.252305047
1420.161906250  0.252727865
1420.164640625  0.252162921
1420.167375000  0.252350284
1420.170109375  0.251846423
1420.172843750  0.252632453
1420.175578125  0.252161688
1420.178312500  0.253102631
1420.181046875  0.253549138
1420.183781250  0.253801556
1420.186515625  0.253922009
1420.189250000  0.253594669
1420.191984375  0.253966721
1420.194718750  0.254630291
1420.197453125  0.253810970
1420.200187500  0.254183970
1420.202921875  0.254689512
1420.205656250  0.254057019
1420.208390625  0.254691846
1420.211125000  0.255003379
1420.213859375  0.253967536
1420.216593750  0.255278401
1420.219328125  0.255805178
1420.222062500  0.255897195
1420.224796875  0.255990429
1420.227531250  0.255743818
1420.230265625  0.255984068
1420.233000000  0.255698754
1420.235734375  0.256438436
1420.238468750  0.257386613
1420.241203125  0.256630861
1420.243937500  0.256161771
1420.246671875  0.256765853
1420.249406250  0.257752308
1420.252140625  0.257520792
1420.254875000  0.258105333
1420.257609375  0.257185731
1420.260343750  0.257513408
1420.263078125  0.257161778
1420.265812500  0.257225405
1420.268546875  0.257911712
1420.271281250  0.258676869
1420.274015625  0.258692879
1420.276750000  0.258127662
1420.279484375  0.259080754
1420.282218750  0.258647254
1420.284953125  0.258613659
1420.287687500  0.258714871
1420.290421875  0.258979550
1420.293156250  0.258955770
1420.295890625  0.258081171
1420.298625000  0.258679363
1420.301359375  0.258671892
1420.304093750  0.259308898
1420.306828125  0.259474248
1420.309562500  0.259860694
1420.312296875  0.259455548
1420.315031250  0.260138732
1420.317765625  0.259719642
1420.320500000  0.259526423
1420.323234375  0.260238277
1420.325968750  0.259779436
1420.328703125  0.260322799
1420.331437500  0.260367692
1420.334171875  0.260446892
1420.336906250  0.260446946
1420.339640625  0.260737443
1420.342375000  0.260824848
1420.345109375  0.260054889
1420.347843750  0.260996068
1420.350578125  0.261010760
1420.353312500  0.261284901
1420.356046875  0.260751087
1420.358781250  0.259606972
1420.361515625  0.260683940
1420.364250000  0.261786652
1420.366984375  0.261610309
1420.369718750  0.261077086
1420.372453125  0.261448556
1420.375187500  0.261215354
1420.377921875  0.260895348
1420.380656250  0.260917415
1420.383390625  0.260257903
1420.386125000  0.260855926
1420.388859375  0.260844725
1420.391593750  0.261895214
1420.394328125  0.261508583
1420.397062500  0.262132057
1420.399796875  0.261318685
1420.402531250  0.261595092
1420.405265625  0.260920278
1420.408000000  0.256381327
1420.410734375  0.261393905
1420.413468750  0.261322268
1420.416203125  0.261233386
1420.418937500  0.261258237
1420.421671875  0.261157095
1420.424406250  0.261091424
1420.427140625  0.261943943
1420.429875000  0.261274153
1420.432609375  0.260429256
1420.435343750  0.261124841
1420.438078125  0.260670792
1420.440812500  0.261424085
1420.443546875  0.261374618
1420.446281250  0.261651691
1420.449015625  0.260533911
1420.451750000  0.261055099
1420.454484375  0.259847182
1420.457218750  0.261135030
1420.459953125  0.261083043
1420.462687500  0.260316331
1420.465421875  0.260120428
1420.468156250  0.260306039
1420.470890625  0.260136918
1420.473625000  0.260343046
1420.476359375  0.260562155
1420.479093750  0.259449502
1420.481828125  0.260577645
1420.484562500  0.260293864
1420.487296875  0.260364440
1420.490031250  0.259315784
1420.492765625  0.259491236
1420.495500000  0.258889054
1420.498234375  0.259587370
1420.500968750  0.259547635
1420.503703125  0.259404584
1420.506437500  0.260008263
1420.509171875  0.259427801
1420.511906250  0.259195034
1420.514640625  0.258959283
1420.517375000  0.258247600
1420.520109375  0.258502492
1420.522843750  0.258049446
1420.525578125  0.258597174
1420.528312500  0.258334071
1420.531046875  0.258940954
1420.533781250  0.257816920
1420.536515625  0.257492193
1420.539250000  0.257393690
1420.541984375  0.257571298
1420.544718750  0.257347668
1420.547453125  0.258080898
1420.550187500  0.257400455
1420.552921875  0.257709560
1420.555656250  0.257387950
1420.558390625  0.256064238
1420.561125000  0.256383660
1420.563859375  0.256962025
1420.566593750  0.256530696
1420.569328125  0.256342951
1420.572062500  0.255957744
1420.574796875  0.255503337
1420.577531250  0.256098858
1420.580265625  0.255905835
1420.583000000  0.255522654
1420.585734375  0.255540990
1420.588468750  0.255362468
1420.591203125  0.255351583
1420.593937500  0.255588886
1420.596671875  0.254606227
1420.599406250  0.254640464
1420.602140625  0.254377922
1420.604875000  0.254301414
1420.607609375  0.254384612
1420.610343750  0.253793970
1420.613078125  0.254075630
1420.615812500  0.253542541
1420.618546875  0.254418176
1420.621281250  0.253524806
1420.624015625  0.253113371
1420.626750000  0.253093918
1420.629484375  0.252668815
1420.632218750  0.252464032
1420.634953125  0.253267419
1420.637687500  0.252184986
1420.640421875  0.251285845
1420.643156250  0.251187870
1420.645890625  0.251556404
1420.648625000  0.250850455
1420.651359375  0.251025305
1420.654093750  0.250797669
1420.656828125  0.251441328
1420.659562500  0.250232266
1420.662296875  0.251070638
1420.665031250  0.250254548
1420.667765625  0.249363307
1420.670500000  0.249287752
1420.673234375  0.249651689
1420.675968750  0.249205097
1420.678703125  0.249683726
1420.681437500  0.249041911
1420.684171875  0.249479668
1420.686906250  0.248346992
1420.689640625  0.248851409
1420.692375000  0.248379282
1420.695109375  0.247358735
1420.697843750  0.248519239
1420.700578125  0.247124549
1420.703312500  0.247749948
1420.706046875  0.247436498
1420.708781250  0.246786420
1420.711515625  0.246960332
1420.714250000  0.246937803
1420.716984375  0.246798639
1420.719718750  0.246361310
1420.722453125  0.246313974
1420.725187500  0.246407706
1420.727921875  0.246637581
1420.730656250  0.245716149
1420.733390625  0.245494245
1420.736125000  0.246121428
1420.738859375  0.245846006
1420.741593750  0.244938664
1420.744328125  0.245322886
1420.747062500  0.244783128
1420.749796875  0.244418619
1420.752531250  0.245247472
1420.755265625  0.244622452
1420.758000000  0.244080344
1420.760734375  0.243741446
1420.763468750  0.244490907
1420.766203125  0.243771834
1420.768937500  0.243548469
1420.771671875  0.243981095
1420.774406250  0.242841314
1420.777140625  0.244082941
1420.779875000  0.242930914
1420.782609375  0.242953905
1420.785343750  0.243151613
1420.788078125  0.242774363
1420.790812500  0.243176776
1420.793546875  0.242665356
1420.796281250  0.242737474
1420.799015625  0.242052795
1420.801750000  0.242092244
1420.804484375  0.242320480
1420.807218750  0.241775933
1420.809953125  0.241737356
1420.812687500  0.241563737
1420.815421875  0.241829796
1420.818156250  0.241412640
1420.820890625  0.241597550
1420.823625000  0.241728860
1420.826359375  0.240954876
1420.829093750  0.241490975
1420.831828125  0.240688361
1420.834562500  0.241700344
1420.837296875  0.240346656
1420.840031250  0.241239105
1420.842765625  0.241286300
1420.845500000  0.241125157
1420.848234375  0.240582132
1420.850968750  0.240770547
1420.853703125  0.240817573
1420.856437500  0.240325459
1420.859171875  0.240476250
1420.861906250  0.241003418
1420.864640625  0.240951420
1420.867375000  0.239894461
1420.870109375  0.240704126
1420.872843750  0.240422266
1420.875578125  0.239904576
1420.878312500  0.240435491
1420.881046875  0.240670468
1420.883781250  0.239712189
1420.886515625  0.240816725
1420.889250000  0.239373191
1420.891984375  0.239581240
1420.894718750  0.240442780
1420.897453125  0.240289608
1420.900187500  0.240277763
1420.902921875  0.240474498
1420.905656250  0.240103341
1420.908390625  0.240195526
1420.911125000  0.239917793
1420.913859375  0.239932716
1420.916593750  0.239658577
1420.919328125  0.240519849
1420.922062500  0.239999811
1420.924796875  0.239713490
1420.927531250  0.242353408
1420.930265625  0.240137633
1420.933000000  0.240425202
1420.935734375  0.239791002
1420.938468750  0.240112395
1420.941203125  0.240589414
1420.943937500  0.240137309
1420.946671875  0.240172523
1420.949406250  0.240492080
1420.952140625  0.239615356
1420.954875000  0.240196588
1420.957609375  0.240159522
1420.960343750  0.240053560
1420.963078125  0.239905533
1420.965812500  0.240302283
1420.968546875  0.239338253
1420.971281250  0.240977740
1420.974015625  0.240173784
1420.976750000  0.240365431
1420.979484375  0.240486825
1420.982218750  0.239647368
1420.984953125  0.240550490
1420.987687500  0.240204940
1420.990421875  0.240705565
1420.993156250  0.240007285
1420.995890625  0.240988490
1420.998625000  0.240142813
1421.001359375  0.241343532
1421.004093750  0.240442561
1421.006828125  0.241038511
1421.009562500  0.240910859
1421.012296875  0.241008539
1421.015031250  0.240829545
1421.017765625  0.241093552
1421.020500000  0.241780779
1421.023234375  0.241198476
1421.025968750  0.241362350
1421.028703125  0.241833098
1421.031437500  0.241196458
1421.034171875  0.241639690
1421.036906250  0.241058186
1421.039640625  0.241079718
1421.042375000  0.240713178
1421.045109375  0.241390355
1421.047843750  0.241624245
1421.050578125  0.241695188
1421.053312500  0.241805841
1421.056046875  0.241725132
1421.058781250  0.242079325
1421.061515625  0.241718551
1421.064250000  0.242175071
1421.066984375  0.242048618
1421.069718750  0.242085205
1421.072453125  0.242446291
1421.075187500  0.242875775
1421.077921875  0.242470635
1421.080656250  0.242033698
1421.083390625  0.242461839
1421.086125000  0.242522323
1421.088859375  0.242853221
1421.091593750  0.242690530
1421.094328125  0.242906382
1421.097062500  0.242377220
1421.099796875  0.243098645
1421.102531250  0.242608651
1421.105265625  0.242545579
1421.108000000  0.242891258
1421.110734375  0.242249607
1421.113468750  0.243559164
1421.116203125  0.242057750
1421.118937500  0.243352640
1421.121671875  0.243230627
1421.124406250  0.243195379
1421.127140625  0.243264746
1421.129875000  0.244437128
1421.132609375  0.243253078
1421.135343750  0.243850415
1421.138078125  0.243723812
1421.140812500  0.244013036
1421.143546875  0.243241905
1421.146281250  0.243785849
1421.149015625  0.242337891
1421.151750000  0.242469428
1421.154484375  0.242870123
1421.157218750  0.243642648
1421.159953125  0.242901060
1421.162687500  0.243210865
1421.165421875  0.243026146
1421.168156250  0.244007219
1421.170890625  0.243403886
1421.173625000  0.242155113
1421.176359375  0.243900088
1421.179093750  0.243103394
1421.181828125  0.242767670
1421.184562500  0.242233704
1421.187296875  0.242510536
1421.190031250  0.243135338
1421.192765625  0.242589175
1421.195500000  0.242098220
1421.198234375  0.242550872
1421.200968750  0.241748156
1421.203703125  0.241956149
1421.206437500  0.242590615
1421.209171875  0.242006971
1421.211906250  0.242445000
1421.214640625  0.241662741
1421.217375000  0.242094397
1421.220109375  0.242154104
1421.222843750  0.241461222
1421.225578125  0.240432309
1421.228312500  0.241193981
1421.231046875  0.241319054
1421.233781250  0.240206994
1421.236515625  0.240443587
1421.239250000  0.240455398
1421.241984375  0.240701538
1421.244718750  0.240831405
1421.247453125  0.239632633
1421.250187500  0.240201527
1421.252921875  0.239818975
1421.255656250  0.240048078
1421.258390625  0.239572269
1421.261125000  0.240410542
1421.263859375  0.239226733
1421.266593750  0.238986409
1421.269328125  0.238457435
1421.272062500  0.237576338
1421.274796875  0.237476715
1421.277531250  0.237318295
1421.280265625  0.237476259
1421.283000000  0.237323838
1421.285734375  0.235984095
1421.288468750  0.235873494
1421.291203125  0.236797482
1421.293937500  0.236175351
1421.296671875  0.235411858
1421.299406250  0.235467437
1421.302140625  0.234451459
1421.304875000  0.234289283
1421.307609375  0.233707697
1421.310343750  0.233622373
1421.313078125  0.234179345
1421.315812500  0.233907202
1421.318546875  0.232558809
1421.321281250  0.232229988
1421.324015625  0.232042313
1421.326750000  0.231572039
1421.329484375  0.231690277
1421.332218750  0.230701803
1421.334953125  0.230485406
1421.337687500  0.230484102
1421.340421875  0.229797371
1421.343156250  0.229162581
1421.345890625  0.228745052
1421.348625000  0.227922314
1421.351359375  0.226756596
1421.354093750  0.227025971
1421.356828125  0.226817580
1421.359562500  0.226565536
1421.362296875  0.225246547
1421.365031250  0.224795618
1421.367765625  0.225162457
1421.370500000  0.224304462
1421.373234375  0.223893846
1421.375968750  0.223118934
1421.378703125  0.222728907
1421.381437500  0.221214548
1421.384171875  0.221461132
1421.386906250  0.220944570
1421.389640625  0.219747591
1421.392375000  0.219710449
1421.395109375  0.218841419
1421.397843750  0.217532075
1421.400578125  0.217252878
1421.403312500  0.217367987
1421.406046875  0.216299947
1421.408781250  0.215456033
1421.411515625  0.215666799
1421.414250000  0.214244983
1421.416984375  0.213615728
1421.419718750  0.212962344
1421.422453125  0.212189224
1421.425187500  0.211722441
1421.427921875  0.210792738
1421.430656250  0.210043856
1421.433390625  0.209184333
1421.436125000  0.208614513
1421.438859375  0.208015356
1421.441593750  0.207355895
1421.444328125  0.205924913
1421.447062500  0.205378115
1421.449796875  0.204955064
1421.452531250  0.204345931
1421.455265625  0.203511047
1421.458000000  0.202108887
1421.460734375  0.202239799
1421.463468750  0.201046896
1421.466203125  0.200016471
1421.468937500  0.198480548
1421.471671875  0.198958659
1421.474406250  0.197567555
1421.477140625  0.196312457
1421.479875000  0.195551191
1421.482609375  0.194866926
1421.485343750  0.194153623
1421.488078125  0.193353777
1421.490812500  0.192212309
1421.493546875  0.191977544
1421.496281250  0.190239877
1421.499015625  0.189710212
1421.501750000  0.188171400
1421.504484375  0.187758133
1421.507218750  0.185947429
1421.509953125  0.185475875
1421.512687500  0.184724585
1421.515421875  0.183204329
1421.518156250  0.182814295
1421.520890625  0.181860721
1421.523625000  0.181032575
1421.526359375  0.179949755
1421.529093750  0.179040224
1421.531828125  0.177852514
1421.534562500  0.176623993
1421.537296875  0.176631475
1421.540031250  0.175063968
1421.542765625  0.174337852
1421.545500000  0.173090148
1421.548234375  0.171762040
1421.550968750  0.170903575
1421.553703125  0.169535244
1421.556437500  0.169080905
1421.559171875  0.167567629
1421.561906250  0.166863626
1421.564640625  0.165979249
1421.567375000  0.165004458
1421.570109375  0.164062973
1421.572843750  0.162876215
1421.575578125  0.161676191
1421.578312500  0.160673629
1421.581046875  0.159809238
1421.583781250  0.158827619
1421.586515625  0.157399697
1421.589250000  0.156283411
1421.591984375  0.155236027
1421.594718750  0.153876203
1421.597453125  0.153108196
1421.600187500  0.152234930
1421.602921875  0.151125379
1421.605656250  0.150143767
1421.608390625  0.149499545
1421.611125000  0.148229317
1421.613859375  0.146552450
1421.616593750  0.145649611
1421.619328125  0.144583224
1421.622062500  0.143822200
1421.624796875  0.142662542
1421.627531250  0.141562794
1421.630265625  0.140375262
1421.633000000  0.139702424
1421.635734375  0.138347014
1421.638468750  0.137333987
1421.641203125  0.136486316
1421.643937500  0.135456328
1421.646671875  0.134243748
1421.649406250  0.133196672
1421.652140625  0.132306142
1421.654875000  0.131032784
1421.657609375  0.130167214
1421.660343750  0.128850535
1421.663078125  0.128249289
1421.665812500  0.127373477
1421.668546875  0.126331071
1421.671281250  0.125187125
1421.674015625  0.124272468
1421.676750000  0.123043143
1421.679484375  0.122494952
1421.682218750  0.121381627
1421.684953125  0.120715567
1421.687687500  0.119828281
1421.690421875  0.118791067
1421.693156250  0.118093761
1421.695890625  0.116929490
1421.698625000  0.116352650
1421.701359375  0.115550025
1421.704093750  0.114254618
1421.706828125  0.113713761
1421.709562500  0.112975682
1421.712296875  0.112047661
1421.715031250  0.111192036
1421.717765625  0.110470731
1421.720500000  0.109743470
1421.723234375  0.109121374
1421.725968750  0.108373602
1421.728703125  0.107860923
1421.731437500  0.106985711
1421.734171875  0.106176395
1421.736906250  0.105601652
1421.739640625  0.104958701
1421.742375000  0.103918435
1421.745109375  0.103965563
1421.747843750  0.103333508
1421.750578125  0.102649652
1421.753312500  0.102256473
1421.756046875  0.101866568
1421.758781250  0.101323864
1421.761515625  0.101004839
1421.764250000  0.100598337
1421.766984375  0.100057614
1421.769718750  0.099653001
1421.772453125  0.099148615
1421.775187500  0.098894159
1421.777921875  0.098645707
1421.780656250  0.098608570
1421.783390625  0.098381881
1421.786125000  0.097867323
1421.788859375  0.097872904
1421.791593750  0.097733503
1421.794328125  0.097651872
1421.797062500  0.097131425
1421.799796875  0.097179772
1421.802531250  0.097365490
1421.805265625  0.097167977

