4/20/2025 1:38:10 AM  Counts:100000
1419.006000000  0.098551476
1419.008734375  0.098766691
1419.011468750  0.098618308
1419.014203125  0.098975473
1419.016937500  0.098959688
1419.019671875  0.099185910
1419.022406250  0.099446004
1419.025140625  0.099314088
1419.027875000  0.099908172
1419.030609375  0.100082846
1419.033343750  0.100725232
1419.036078125  0.100465479
1419.038812500  0.100572413
1419.041546875  0.101328132
1419.044281250  0.101920572
1419.047015625  0.102105826
1419.049750000  0.102185867
1419.052484375  0.102806095
1419.055218750  0.103532216
1419.057953125  0.104013862
1419.060687500  0.104434732
1419.063421875  0.105304850
1419.066156250  0.105709654
1419.068890625  0.106133365
1419.071625000  0.107012485
1419.074359375  0.107696057
1419.077093750  0.107731350
1419.079828125  0.109030600
1419.082562500  0.109647130
1419.085296875  0.110245309
1419.088031250  0.111059300
1419.090765625  0.111909922
1419.093500000  0.112378943
1419.096234375  0.113283101
1419.098968750  0.114088817
1419.101703125  0.114820083
1419.104437500  0.115467672
1419.107171875  0.116494412
1419.109906250  0.117106280
1419.112640625  0.118062320
1419.115375000  0.118899598
1419.118109375  0.120023456
1419.120843750  0.121135129
1419.123578125  0.122140672
1419.126312500  0.122801955
1419.129046875  0.123885857
1419.131781250  0.125139432
1419.134515625  0.125516522
1419.137250000  0.127174282
1419.139984375  0.127809923
1419.142718750  0.128618457
1419.145453125  0.129815749
1419.148187500  0.130895360
1419.150921875  0.132169853
1419.153656250  0.132960240
1419.156390625  0.134090203
1419.159125000  0.134795309
1419.161859375  0.136125247
1419.164593750  0.137314937
1419.167328125  0.138116692
1419.170062500  0.139612324
1419.172796875  0.139862669
1419.175531250  0.141165855
1419.178265625  0.142689784
1419.181000000  0.143427004
1419.183734375  0.144349059
1419.186468750  0.145529861
1419.189203125  0.146330717
1419.191937500  0.147564143
1419.194671875  0.148673492
1419.197406250  0.149514679
1419.200140625  0.150894075
1419.202875000  0.152340126
1419.205609375  0.152752190
1419.208343750  0.154405451
1419.211078125  0.154664789
1419.213812500  0.156796117
1419.216546875  0.157696976
1419.219281250  0.158546839
1419.222015625  0.159715321
1419.224750000  0.160343876
1419.227484375  0.161772064
1419.230218750  0.163176694
1419.232953125  0.164360141
1419.235687500  0.165389185
1419.238421875  0.166115730
1419.241156250  0.166909789
1419.243890625  0.168319766
1419.246625000  0.169036549
1419.249359375  0.170758157
1419.252093750  0.171506017
1419.254828125  0.172933482
1419.257562500  0.173475142
1419.260296875  0.174444920
1419.263031250  0.176165088
1419.265765625  0.177087308
1419.268500000  0.177882999
1419.271234375  0.179181075
1419.273968750  0.179706318
1419.276703125  0.180635858
1419.279437500  0.181531501
1419.282171875  0.182629839
1419.284906250  0.183925329
1419.287640625  0.184776126
1419.290375000  0.186279527
1419.293109375  0.187248234
1419.295843750  0.187819105
1419.298578125  0.189139759
1419.301312500  0.189715295
1419.304046875  0.190889746
1419.306781250  0.191903412
1419.309515625  0.192764588
1419.312250000  0.194128202
1419.314984375  0.194333063
1419.317718750  0.195786744
1419.320453125  0.196386207
1419.323187500  0.197605070
1419.325921875  0.197605657
1419.328656250  0.199634345
1419.331390625  0.200407922
1419.334125000  0.200814698
1419.336859375  0.201301773
1419.339593750  0.203267030
1419.342328125  0.204021047
1419.345062500  0.204457453
1419.347796875  0.204921940
1419.350531250  0.206518368
1419.353265625  0.207027148
1419.356000000  0.208114189
1419.358734375  0.209294204
1419.361468750  0.209450443
1419.364203125  0.210497639
1419.366937500  0.211049607
1419.369671875  0.211888765
1419.372406250  0.213116374
1419.375140625  0.213530069
1419.377875000  0.214291418
1419.380609375  0.215700704
1419.383343750  0.215546419
1419.386078125  0.216180052
1419.388812500  0.217590766
1419.391546875  0.217885461
1419.394281250  0.218660410
1419.397015625  0.219720033
1419.399750000  0.219676936
1419.402484375  0.220970967
1419.405218750  0.221225252
1419.407953125  0.221830495
1419.410687500  0.222904285
1419.413421875  0.222850424
1419.416156250  0.224218662
1419.418890625  0.223954744
1419.421625000  0.225217908
1419.424359375  0.225427137
1419.427093750  0.226346173
1419.429828125  0.226758289
1419.432562500  0.227422520
1419.435296875  0.228424129
1419.438031250  0.229559815
1419.440765625  0.229451821
1419.443500000  0.229499356
1419.446234375  0.230087451
1419.448968750  0.230438889
1419.451703125  0.231474337
1419.454437500  0.232432460
1419.457171875  0.232803247
1419.459906250  0.232992832
1419.462640625  0.234391788
1419.465375000  0.234363663
1419.468109375  0.235041613
1419.470843750  0.234943344
1419.473578125  0.235727266
1419.476312500  0.235627323
1419.479046875  0.236057320
1419.481781250  0.237039715
1419.484515625  0.237144542
1419.487250000  0.237529979
1419.489984375  0.238070922
1419.492718750  0.238545726
1419.495453125  0.239591575
1419.498187500  0.239383932
1419.500921875  0.239231923
1419.503656250  0.240124615
1419.506390625  0.240519018
1419.509125000  0.240542055
1419.511859375  0.240622359
1419.514593750  0.241024656
1419.517328125  0.241651557
1419.520062500  0.241904857
1419.522796875  0.241788780
1419.525531250  0.242706268
1419.528265625  0.242763543
1419.531000000  0.244071917
1419.533734375  0.242835188
1419.536468750  0.244014843
1419.539203125  0.243907088
1419.541937500  0.243437544
1419.544671875  0.245001720
1419.547406250  0.244518289
1419.550140625  0.245251861
1419.552875000  0.245428036
1419.555609375  0.245275037
1419.558343750  0.245663207
1419.561078125  0.246186164
1419.563812500  0.246217358
1419.566546875  0.246053938
1419.569281250  0.246048052
1419.572015625  0.246017139
1419.574750000  0.246270464
1419.577484375  0.246678331
1419.580218750  0.246985670
1419.582953125  0.247060448
1419.585687500  0.248098965
1419.588421875  0.246833664
1419.591156250  0.247516274
1419.593890625  0.248384273
1419.596625000  0.247696317
1419.599359375  0.248142119
1419.602093750  0.248167954
1419.604828125  0.248868094
1419.607562500  0.247179262
1419.610296875  0.248005402
1419.613031250  0.248233517
1419.615765625  0.248707052
1419.618500000  0.248991352
1419.621234375  0.249018424
1419.623968750  0.248993179
1419.626703125  0.248315799
1419.629437500  0.249098004
1419.632171875  0.248578162
1419.634906250  0.248306742
1419.637640625  0.248894836
1419.640375000  0.249219297
1419.643109375  0.249471592
1419.645843750  0.249435781
1419.648578125  0.249273813
1419.651312500  0.249241520
1419.654046875  0.248467298
1419.656781250  0.248938192
1419.659515625  0.249619794
1419.662250000  0.248631740
1419.664984375  0.248851126
1419.667718750  0.249610303
1419.670453125  0.248775880
1419.673187500  0.249283899
1419.675921875  0.248977578
1419.678656250  0.250302268
1419.681390625  0.249630394
1419.684125000  0.249001585
1419.686859375  0.249475990
1419.689593750  0.248457647
1419.692328125  0.249499884
1419.695062500  0.249102768
1419.697796875  0.248533354
1419.700531250  0.249613271
1419.703265625  0.248427988
1419.706000000  0.248622481
1419.708734375  0.248662768
1419.711468750  0.247871652
1419.714203125  0.249595389
1419.716937500  0.248794294
1419.719671875  0.248338507
1419.722406250  0.248954393
1419.725140625  0.247643130
1419.727875000  0.248190848
1419.730609375  0.248543110
1419.733343750  0.248134831
1419.736078125  0.248440382
1419.738812500  0.248141475
1419.741546875  0.247099898
1419.744281250  0.247427182
1419.747015625  0.248139642
1419.749750000  0.248407836
1419.752484375  0.248049746
1419.755218750  0.248669721
1419.757953125  0.248505041
1419.760687500  0.247878741
1419.763421875  0.248169953
1419.766156250  0.247673194
1419.768890625  0.247886651
1419.771625000  0.247486731
1419.774359375  0.247326099
1419.777093750  0.247202965
1419.779828125  0.248507500
1419.782562500  0.246785692
1419.785296875  0.247615089
1419.788031250  0.246961777
1419.790765625  0.246879273
1419.793500000  0.246294310
1419.796234375  0.247395987
1419.798968750  0.246666800
1419.801703125  0.246647735
1419.804437500  0.246147468
1419.807171875  0.246769664
1419.809906250  0.246882833
1419.812640625  0.246483816
1419.815375000  0.246602338
1419.818109375  0.246233499
1419.820843750  0.246504185
1419.823578125  0.245477759
1419.826312500  0.245817823
1419.829046875  0.246692328
1419.831781250  0.245486244
1419.834515625  0.246719967
1419.837250000  0.246561338
1419.839984375  0.244788924
1419.842718750  0.246079781
1419.845453125  0.245819535
1419.848187500  0.245908233
1419.850921875  0.246258412
1419.853656250  0.245949382
1419.856390625  0.246706504
1419.859125000  0.245608649
1419.861859375  0.245177346
1419.864593750  0.246016167
1419.867328125  0.245553805
1419.870062500  0.246108395
1419.872796875  0.245727455
1419.875531250  0.245729203
1419.878265625  0.245705355
1419.881000000  0.246700902
1419.883734375  0.247367015
1419.886468750  0.272501860
1419.889203125  0.255378789
1419.891937500  0.246623397
1419.894671875  0.245549684
1419.897406250  0.244910377
1419.900140625  0.245406466
1419.902875000  0.245328141
1419.905609375  0.245763963
1419.908343750  0.245140903
1419.911078125  0.245199659
1419.913812500  0.245084718
1419.916546875  0.245250406
1419.919281250  0.245925256
1419.922015625  0.244596652
1419.924750000  0.246020217
1419.927484375  0.245583740
1419.930218750  0.246010625
1419.932953125  0.245412454
1419.935687500  0.244986820
1419.938421875  0.245137974
1419.941156250  0.245627874
1419.943890625  0.246313323
1419.946625000  0.244876525
1419.949359375  0.245546523
1419.952093750  0.246630161
1419.954828125  0.246022251
1419.957562500  0.246681748
1419.960296875  0.245851062
1419.963031250  0.246238028
1419.965765625  0.245874793
1419.968500000  0.245669311
1419.971234375  0.246633901
1419.973968750  0.246269281
1419.976703125  0.247164867
1419.979437500  0.246615900
1419.982171875  0.247181967
1419.984906250  0.246657077
1419.987640625  0.246249747
1419.990375000  0.246492705
1419.993109375  0.246150045
1419.995843750  0.246711683
1419.998578125  0.247392917
1420.001312500  0.247735478
1420.004046875  0.247426701
1420.006781250  0.246879129
1420.009515625  0.247544592
1420.012250000  0.247194955
1420.014984375  0.247660230
1420.017718750  0.247456127
1420.020453125  0.247807915
1420.023187500  0.248668225
1420.025921875  0.248831155
1420.028656250  0.247997131
1420.031390625  0.248309826
1420.034125000  0.248880080
1420.036859375  0.248367936
1420.039593750  0.249049713
1420.042328125  0.249094028
1420.045062500  0.248308010
1420.047796875  0.249587382
1420.050531250  0.249589033
1420.053265625  0.249771468
1420.056000000  0.250060169
1420.058734375  0.249549949
1420.061468750  0.249552761
1420.064203125  0.250715654
1420.066937500  0.250502216
1420.069671875  0.250026053
1420.072406250  0.249762146
1420.075140625  0.249387381
1420.077875000  0.251093443
1420.080609375  0.250598884
1420.083343750  0.250620149
1420.086078125  0.250411718
1420.088812500  0.251193227
1420.091546875  0.251592389
1420.094281250  0.251335448
1420.097015625  0.252029992
1420.099750000  0.251575373
1420.102484375  0.251781761
1420.105218750  0.253171587
1420.107953125  0.252493527
1420.110687500  0.252282414
1420.113421875  0.254024378
1420.116156250  0.252597533
1420.118890625  0.252372345
1420.121625000  0.253864121
1420.124359375  0.253600023
1420.127093750  0.252342396
1420.129828125  0.253201146
1420.132562500  0.254261299
1420.135296875  0.254933072
1420.138031250  0.254790004
1420.140765625  0.254411807
1420.143500000  0.254899071
1420.146234375  0.255281889
1420.148968750  0.254212443
1420.151703125  0.254764478
1420.154437500  0.255986007
1420.157171875  0.255340577
1420.159906250  0.255427896
1420.162640625  0.255738042
1420.165375000  0.256384233
1420.168109375  0.255880293
1420.170843750  0.255753865
1420.173578125  0.255532616
1420.176312500  0.256666502
1420.179046875  0.256672587
1420.181781250  0.256860657
1420.184515625  0.257862980
1420.187250000  0.256739040
1420.189984375  0.257247270
1420.192718750  0.258102744
1420.195453125  0.258067430
1420.198187500  0.257968771
1420.200921875  0.257938397
1420.203656250  0.257684092
1420.206390625  0.257968009
1420.209125000  0.258445365
1420.211859375  0.258865643
1420.214593750  0.258443574
1420.217328125  0.258605929
1420.220062500  0.258992710
1420.222796875  0.259578934
1420.225531250  0.260320916
1420.228265625  0.260066364
1420.231000000  0.260171331
1420.233734375  0.259639583
1420.236468750  0.259574041
1420.239203125  0.260916250
1420.241937500  0.260614886
1420.244671875  0.260635076
1420.247406250  0.260801306
1420.250140625  0.261729456
1420.252875000  0.261018591
1420.255609375  0.260925542
1420.258343750  0.261173204
1420.261078125  0.261308605
1420.263812500  0.261673454
1420.266546875  0.262009964
1420.269281250  0.261348843
1420.272015625  0.261356272
1420.274750000  0.261888200
1420.277484375  0.261644994
1420.280218750  0.262241090
1420.282953125  0.262684994
1420.285687500  0.262308758
1420.288421875  0.263148553
1420.291156250  0.263340105
1420.293890625  0.262410634
1420.296625000  0.262202593
1420.299359375  0.263079424
1420.302093750  0.263018359
1420.304828125  0.263000266
1420.307562500  0.264333904
1420.310296875  0.263263864
1420.313031250  0.263557735
1420.315765625  0.263441799
1420.318500000  0.263862852
1420.321234375  0.263924475
1420.323968750  0.263903647
1420.326703125  0.263745845
1420.329437500  0.263775349
1420.332171875  0.264696451
1420.334906250  0.264081556
1420.337640625  0.264588354
1420.340375000  0.264189073
1420.343109375  0.264291906
1420.345843750  0.264628983
1420.348578125  0.264410122
1420.351312500  0.263843758
1420.354046875  0.264269545
1420.356781250  0.265445508
1420.359515625  0.264396585
1420.362250000  0.264402148
1420.364984375  0.264994942
1420.367718750  0.264543404
1420.370453125  0.264637771
1420.373187500  0.264524410
1420.375921875  0.265120031
1420.378656250  0.265076484
1420.381390625  0.265142640
1420.384125000  0.264730848
1420.386859375  0.264209836
1420.389593750  0.264443798
1420.392328125  0.264477307
1420.395062500  0.265967498
1420.397796875  0.265003416
1420.400531250  0.265298296
1420.403265625  0.265844213
1420.406000000  0.260409360
1420.408734375  0.264175913
1420.411468750  0.264940683
1420.414203125  0.265252659
1420.416937500  0.265185757
1420.419671875  0.264381989
1420.422406250  0.264197195
1420.425140625  0.264990545
1420.427875000  0.265107237
1420.430609375  0.265078087
1420.433343750  0.264850462
1420.436078125  0.264367994
1420.438812500  0.263977754
1420.441546875  0.265295678
1420.444281250  0.264310138
1420.447015625  0.264593124
1420.449750000  0.264240200
1420.452484375  0.264118223
1420.455218750  0.265036658
1420.457953125  0.264649580
1420.460687500  0.263585593
1420.463421875  0.264298237
1420.466156250  0.263969237
1420.468890625  0.264463267
1420.471625000  0.264093574
1420.474359375  0.263214770
1420.477093750  0.264035713
1420.479828125  0.263618886
1420.482562500  0.263714807
1420.485296875  0.263951265
1420.488031250  0.263754081
1420.490765625  0.262925416
1420.493500000  0.262761057
1420.496234375  0.263677966
1420.498968750  0.262601280
1420.501703125  0.263050122
1420.504437500  0.263400131
1420.507171875  0.262558943
1420.509906250  0.262865698
1420.512640625  0.262183973
1420.515375000  0.262480780
1420.518109375  0.262348662
1420.520843750  0.262322766
1420.523578125  0.261982638
1420.526312500  0.261784979
1420.529046875  0.261770220
1420.531781250  0.261517865
1420.534515625  0.261542495
1420.537250000  0.261408734
1420.539984375  0.261494599
1420.542718750  0.261494880
1420.545453125  0.261548767
1420.548187500  0.261169881
1420.550921875  0.261915409
1420.553656250  0.261026646
1420.556390625  0.261474515
1420.559125000  0.261212489
1420.561859375  0.260517724
1420.564593750  0.260072960
1420.567328125  0.260031726
1420.570062500  0.259367873
1420.572796875  0.260260126
1420.575531250  0.259008889
1420.578265625  0.259549056
1420.581000000  0.258984011
1420.583734375  0.259360690
1420.586468750  0.259032034
1420.589203125  0.258964763
1420.591937500  0.258147531
1420.594671875  0.258123835
1420.597406250  0.258289723
1420.600140625  0.258242531
1420.602875000  0.257866851
1420.605609375  0.257545846
1420.608343750  0.257346270
1420.611078125  0.257782018
1420.613812500  0.256446847
1420.616546875  0.256440085
1420.619281250  0.256548237
1420.622015625  0.256263034
1420.624750000  0.256478347
1420.627484375  0.256157674
1420.630218750  0.255545119
1420.632953125  0.256868836
1420.635687500  0.255853734
1420.638421875  0.255289899
1420.641156250  0.255259274
1420.643890625  0.254746996
1420.646625000  0.255315793
1420.649359375  0.254260901
1420.652093750  0.254461878
1420.654828125  0.255022856
1420.657562500  0.253684175
1420.660296875  0.253446089
1420.663031250  0.252941529
1420.665765625  0.253171008
1420.668500000  0.253225788
1420.671234375  0.252467892
1420.673968750  0.252965261
1420.676703125  0.252958797
1420.679437500  0.253492886
1420.682171875  0.252152561
1420.684906250  0.252395943
1420.687640625  0.252096188
1420.690375000  0.252199125
1420.693109375  0.251973212
1420.695843750  0.251179360
1420.698578125  0.251405848
1420.701312500  0.250536694
1420.704046875  0.250681389
1420.706781250  0.251596150
1420.709515625  0.250417693
1420.712250000  0.250702839
1420.714984375  0.250079536
1420.717718750  0.250334186
1420.720453125  0.250614972
1420.723187500  0.250283238
1420.725921875  0.249335699
1420.728656250  0.250137504
1420.731390625  0.248219421
1420.734125000  0.249072997
1420.736859375  0.248560985
1420.739593750  0.248938527
1420.742328125  0.247903869
1420.745062500  0.248319920
1420.747796875  0.248584735
1420.750531250  0.248323718
1420.753265625  0.248341598
1420.756000000  0.248608087
1420.758734375  0.248101026
1420.761468750  0.248173779
1420.764203125  0.247328650
1420.766937500  0.247162025
1420.769671875  0.247114035
1420.772406250  0.247459995
1420.775140625  0.247181538
1420.777875000  0.246675404
1420.780609375  0.246535674
1420.783343750  0.246178005
1420.786078125  0.246452225
1420.788812500  0.245783168
1420.791546875  0.245597014
1420.794281250  0.246458936
1420.797015625  0.245148603
1420.799750000  0.246439357
1420.802484375  0.245414876
1420.805218750  0.245821953
1420.807953125  0.245564242
1420.810687500  0.245726856
1420.813421875  0.245247294
1420.816156250  0.245706880
1420.818890625  0.245242773
1420.821625000  0.245442268
1420.824359375  0.245053665
1420.827093750  0.245162498
1420.829828125  0.244560447
1420.832562500  0.244097754
1420.835296875  0.245060794
1420.838031250  0.244577716
1420.840765625  0.244386196
1420.843500000  0.244290301
1420.846234375  0.244277513
1420.848968750  0.244269985
1420.851703125  0.243995303
1420.854437500  0.244199700
1420.857171875  0.243948795
1420.859906250  0.244107682
1420.862640625  0.243597709
1420.865375000  0.243478454
1420.868109375  0.243646061
1420.870843750  0.244870632
1420.873578125  0.243504510
1420.876312500  0.243676079
1420.879046875  0.244055040
1420.881781250  0.244062224
1420.884515625  0.243248789
1420.887250000  0.242910561
1420.889984375  0.243860649
1420.892718750  0.243915696
1420.895453125  0.243421331
1420.898187500  0.243642271
1420.900921875  0.244118224
1420.903656250  0.243528764
1420.906390625  0.243358483
1420.909125000  0.243434706
1420.911859375  0.243049143
1420.914593750  0.243949180
1420.917328125  0.243332391
1420.920062500  0.243711704
1420.922796875  0.243118575
1420.925531250  0.244338706
1420.928265625  0.244425448
1420.931000000  0.243816997
1420.933734375  0.243012139
1420.936468750  0.243937987
1420.939203125  0.244213638
1420.941937500  0.243865787
1420.944671875  0.243012014
1420.947406250  0.243677740
1420.950140625  0.244297128
1420.952875000  0.243957387
1420.955609375  0.243212154
1420.958343750  0.243686522
1420.961078125  0.243582765
1420.963812500  0.243643489
1420.966546875  0.243920606
1420.969281250  0.244206576
1420.972015625  0.243673970
1420.974750000  0.243715587
1420.977484375  0.243954725
1420.980218750  0.244113945
1420.982953125  0.243595579
1420.985687500  0.244761283
1420.988421875  0.243934543
1420.991156250  0.244121481
1420.993890625  0.244474576
1420.996625000  0.244127493
1420.999359375  0.244599401
1421.002093750  0.244498463
1421.004828125  0.244400698
1421.007562500  0.244486463
1421.010296875  0.244212267
1421.013031250  0.244807138
1421.015765625  0.244979253
1421.018500000  0.244959580
1421.021234375  0.245002924
1421.023968750  0.244470307
1421.026703125  0.244657707
1421.029437500  0.245208689
1421.032171875  0.244032549
1421.034906250  0.245044572
1421.037640625  0.245078534
1421.040375000  0.245441464
1421.043109375  0.244227473
1421.045843750  0.245097856
1421.048578125  0.245942734
1421.051312500  0.246453856
1421.054046875  0.245736976
1421.056781250  0.245357483
1421.059515625  0.246021157
1421.062250000  0.244586307
1421.064984375  0.245555349
1421.067718750  0.245656300
1421.070453125  0.245686415
1421.073187500  0.245431629
1421.075921875  0.245558063
1421.078656250  0.245079996
1421.081390625  0.246235260
1421.084125000  0.246137980
1421.086859375  0.246177279
1421.089593750  0.246517973
1421.092328125  0.246801701
1421.095062500  0.245960114
1421.097796875  0.246618976
1421.100531250  0.246841750
1421.103265625  0.246156479
1421.106000000  0.246133189
1421.108734375  0.245605932
1421.111468750  0.246269482
1421.114203125  0.246915746
1421.116937500  0.246065915
1421.119671875  0.246646180
1421.122406250  0.247055456
1421.125140625  0.246505775
1421.127875000  0.247219995
1421.130609375  0.246530715
1421.133343750  0.246827238
1421.136078125  0.247588733
1421.138812500  0.247467664
1421.141546875  0.246958519
1421.144281250  0.246447315
1421.147015625  0.246661916
1421.149750000  0.246734660
1421.152484375  0.246618059
1421.155218750  0.246619576
1421.157953125  0.246978254
1421.160687500  0.246466257
1421.163421875  0.246779598
1421.166156250  0.246143401
1421.168890625  0.246991263
1421.171625000  0.246715556
1421.174359375  0.246859009
1421.177093750  0.246192511
1421.179828125  0.246348022
1421.182562500  0.246445578
1421.185296875  0.245644849
1421.188031250  0.246819561
1421.190765625  0.246808242
1421.193500000  0.246523288
1421.196234375  0.246376446
1421.198968750  0.245931960
1421.201703125  0.246098778
1421.204437500  0.246613329
1421.207171875  0.246229781
1421.209906250  0.245383170
1421.212640625  0.245088436
1421.215375000  0.244929092
1421.218109375  0.245807138
1421.220843750  0.245800188
1421.223578125  0.244771442
1421.226312500  0.245224774
1421.229046875  0.243963522
1421.231781250  0.244314425
1421.234515625  0.244406100
1421.237250000  0.245032071
1421.239984375  0.243636377
1421.242718750  0.243298753
1421.245453125  0.243009289
1421.248187500  0.243330921
1421.250921875  0.242181656
1421.253656250  0.242653481
1421.256390625  0.242837714
1421.259125000  0.242312841
1421.261859375  0.242690243
1421.264593750  0.242709203
1421.267328125  0.242427068
1421.270062500  0.241354823
1421.272796875  0.241682310
1421.275531250  0.240752523
1421.278265625  0.240363648
1421.281000000  0.240357128
1421.283734375  0.240247760
1421.286468750  0.240307802
1421.289203125  0.239891833
1421.291937500  0.238770864
1421.294671875  0.238847187
1421.297406250  0.238698965
1421.300140625  0.238301459
1421.302875000  0.237900733
1421.305609375  0.238303466
1421.308343750  0.237733132
1421.311078125  0.237696305
1421.313812500  0.236804200
1421.316546875  0.236665398
1421.319281250  0.236417884
1421.322015625  0.235764389
1421.324750000  0.234698225
1421.327484375  0.234316718
1421.330218750  0.234114102
1421.332953125  0.233617068
1421.335687500  0.233422266
1421.338421875  0.232785708
1421.341156250  0.232110845
1421.343890625  0.231916019
1421.346625000  0.231515213
1421.349359375  0.231213180
1421.352093750  0.230450783
1421.354828125  0.229938137
1421.357562500  0.230221732
1421.360296875  0.228894460
1421.363031250  0.227738020
1421.365765625  0.228774498
1421.368500000  0.227451820
1421.371234375  0.226991637
1421.373968750  0.225905392
1421.376703125  0.225767984
1421.379437500  0.225421313
1421.382171875  0.224574517
1421.384906250  0.224227489
1421.387640625  0.223449705
1421.390375000  0.222602235
1421.393109375  0.222159543
1421.395843750  0.221389770
1421.398578125  0.220663100
1421.401312500  0.219697699
1421.404046875  0.220070424
1421.406781250  0.218515667
1421.409515625  0.217980015
1421.412250000  0.217562779
1421.414984375  0.216815417
1421.417718750  0.216182708
1421.420453125  0.215619068
1421.423187500  0.214232173
1421.425921875  0.213159862
1421.428656250  0.213279415
1421.431390625  0.212406049
1421.434125000  0.211227800
1421.436859375  0.210820864
1421.439593750  0.209652814
1421.442328125  0.209385659
1421.445062500  0.208501871
1421.447796875  0.208197621
1421.450531250  0.206597192
1421.453265625  0.206257570
1421.456000000  0.205531693
1421.458734375  0.204712039
1421.461468750  0.204041014
1421.464203125  0.203285604
1421.466937500  0.201621939
1421.469671875  0.201549641
1421.472406250  0.200668826
1421.475140625  0.199297175
1421.477875000  0.198793133
1421.480609375  0.197192125
1421.483343750  0.196656897
1421.486078125  0.195839645
1421.488812500  0.195820193
1421.491546875  0.194172019
1421.494281250  0.193325176
1421.497015625  0.191698806
1421.499750000  0.191788818
1421.502484375  0.190055709
1421.505218750  0.188746808
1421.507953125  0.188056115
1421.510687500  0.187521239
1421.513421875  0.186078789
1421.516156250  0.185659390
1421.518890625  0.184314677
1421.521625000  0.183428509
1421.524359375  0.182676199
1421.527093750  0.181733312
1421.529828125  0.180702017
1421.532562500  0.179848478
1421.535296875  0.179027270
1421.538031250  0.177974775
1421.540765625  0.176487081
1421.543500000  0.175756989
1421.546234375  0.174573518
1421.548968750  0.173665102
1421.551703125  0.172017780
1421.554437500  0.171064535
1421.557171875  0.170546910
1421.559906250  0.169646266
1421.562640625  0.167986461
1421.565375000  0.166638653
1421.568109375  0.166352130
1421.570843750  0.165384788
1421.573578125  0.164114615
1421.576312500  0.162704717
1421.579046875  0.162126118
1421.581781250  0.161185288
1421.584515625  0.159710614
1421.587250000  0.158521861
1421.589984375  0.157908998
1421.592718750  0.156488445
1421.595453125  0.155597658
1421.598187500  0.154241184
1421.600921875  0.153354895
1421.603656250  0.151972875
1421.606390625  0.151194545
1421.609125000  0.150348516
1421.611859375  0.148787191
1421.614593750  0.148130552
1421.617328125  0.147432215
1421.620062500  0.145868305
1421.622796875  0.145085119
1421.625531250  0.143807357
1421.628265625  0.142308583
1421.631000000  0.141453622
1421.633734375  0.140672996
1421.636468750  0.139362066
1421.639203125  0.138427402
1421.641937500  0.137620049
1421.644671875  0.135877431
1421.647406250  0.135507670
1421.650140625  0.134089737
1421.652875000  0.132728986
1421.655609375  0.132187730
1421.658343750  0.131407300
1421.661078125  0.130202389
1421.663812500  0.129114871
1421.666546875  0.128535912
1421.669281250  0.127169681
1421.672015625  0.126265126
1421.674750000  0.125633517
1421.677484375  0.124154005
1421.680218750  0.123123896
1421.682953125  0.122239820
1421.685687500  0.121353100
1421.688421875  0.120824652
1421.691156250  0.119729539
1421.693890625  0.118874581
1421.696625000  0.117890218
1421.699359375  0.117183021
1421.702093750  0.116252381
1421.704828125  0.115437574
1421.707562500  0.114745767
1421.710296875  0.113585034
1421.713031250  0.112757197
1421.715765625  0.112028681
1421.718500000  0.111470248
1421.721234375  0.111041737
1421.723968750  0.109680964
1421.726703125  0.109220408
1421.729437500  0.108342939
1421.732171875  0.107826235
1421.734906250  0.107192349
1421.737640625  0.106457194
1421.740375000  0.105981901
1421.743109375  0.105653312
1421.745843750  0.104783937
1421.748578125  0.104127329
1421.751312500  0.103461910
1421.754046875  0.103402969
1421.756781250  0.102577588
1421.759515625  0.102309745
1421.762250000  0.101967333
1421.764984375  0.101615690
1421.767718750  0.101126529
1421.770453125  0.100771090
1421.773187500  0.100126229
1421.775921875  0.100112984
1421.778656250  0.099594787
1421.781390625  0.099492044
1421.784125000  0.099276904
1421.786859375  0.099044752
1421.789593750  0.098911416
1421.792328125  0.098688147
1421.795062500  0.098767730
1421.797796875  0.098946363
1421.800531250  0.099236500
1421.803265625  0.098631895

