4/20/2025 1:52:29 AM  Counts:100000
1419.008000000  0.103963809
1419.010734375  0.103922246
1419.013468750  0.104149970
1419.016203125  0.104193830
1419.018937500  0.104326988
1419.021671875  0.104443616
1419.024406250  0.104671671
1419.027140625  0.104844474
1419.029875000  0.104792966
1419.032609375  0.105408018
1419.035343750  0.105840993
1419.038078125  0.106246410
1419.040812500  0.106366390
1419.043546875  0.106823627
1419.046281250  0.107032892
1419.049015625  0.107466524
1419.051750000  0.107922544
1419.054484375  0.108609037
1419.057218750  0.109030034
1419.059953125  0.109524729
1419.062687500  0.110014305
1419.065421875  0.110585677
1419.068156250  0.111574307
1419.070890625  0.112022686
1419.073625000  0.112351560
1419.076359375  0.113261683
1419.079093750  0.113715345
1419.081828125  0.114887663
1419.084562500  0.115003815
1419.087296875  0.115872218
1419.090031250  0.116829703
1419.092765625  0.117665671
1419.095500000  0.118879275
1419.098234375  0.119244912
1419.100968750  0.120343880
1419.103703125  0.120778613
1419.106437500  0.121832915
1419.109171875  0.123097513
1419.111906250  0.123886669
1419.114640625  0.124958006
1419.117375000  0.125873427
1419.120109375  0.126351635
1419.122843750  0.127577951
1419.125578125  0.128571449
1419.128312500  0.129605913
1419.131046875  0.130910394
1419.133781250  0.131571868
1419.136515625  0.132462174
1419.139250000  0.133633140
1419.141984375  0.134488599
1419.144718750  0.135800211
1419.147453125  0.136636501
1419.150187500  0.137805835
1419.152921875  0.138874610
1419.155656250  0.139750768
1419.158390625  0.140799185
1419.161125000  0.142094381
1419.163859375  0.143614741
1419.166593750  0.143924447
1419.169328125  0.145463554
1419.172062500  0.147109757
1419.174796875  0.147366631
1419.177531250  0.148483717
1419.180265625  0.149402465
1419.183000000  0.150709677
1419.185734375  0.152120622
1419.188468750  0.153577399
1419.191203125  0.154885229
1419.193937500  0.155584571
1419.196671875  0.156786159
1419.199406250  0.158387378
1419.202140625  0.159232593
1419.204875000  0.160159153
1419.207609375  0.161163364
1419.210343750  0.162433804
1419.213078125  0.164017902
1419.215812500  0.164682893
1419.218546875  0.165938129
1419.221281250  0.166712157
1419.224015625  0.167806691
1419.226750000  0.169517535
1419.229484375  0.170602024
1419.232218750  0.171295242
1419.234953125  0.172946398
1419.237687500  0.173835711
1419.240421875  0.175180854
1419.243156250  0.175944793
1419.245890625  0.176607309
1419.248625000  0.178688321
1419.251359375  0.179456092
1419.254093750  0.180892013
1419.256828125  0.181899745
1419.259562500  0.184000367
1419.262296875  0.183769390
1419.265031250  0.185456340
1419.267765625  0.186447299
1419.270500000  0.187420553
1419.273234375  0.188923986
1419.275968750  0.189559628
1419.278703125  0.190960186
1419.281437500  0.192083304
1419.284171875  0.192775184
1419.286906250  0.194146928
1419.289640625  0.194906766
1419.292375000  0.196055452
1419.295109375  0.197013967
1419.297843750  0.197925436
1419.300578125  0.199485817
1419.303312500  0.200307756
1419.306046875  0.201303031
1419.308781250  0.202042399
1419.311515625  0.203082765
1419.314250000  0.203494182
1419.316984375  0.205218138
1419.319718750  0.206048586
1419.322453125  0.206555746
1419.325187500  0.208299218
1419.327921875  0.208555350
1419.330656250  0.210200460
1419.333390625  0.210663834
1419.336125000  0.211600740
1419.338859375  0.212417637
1419.341593750  0.213745727
1419.344328125  0.214726311
1419.347062500  0.215811680
1419.349796875  0.216273267
1419.352531250  0.216826130
1419.355265625  0.218151293
1419.358000000  0.219320556
1419.360734375  0.219511991
1419.363468750  0.221093926
1419.366203125  0.221904412
1419.368937500  0.222525805
1419.371671875  0.223193228
1419.374406250  0.224123277
1419.377140625  0.224778035
1419.379875000  0.225756304
1419.382609375  0.226421206
1419.385343750  0.227508553
1419.388078125  0.227952109
1419.390812500  0.229106374
1419.393546875  0.230096454
1419.396281250  0.230530229
1419.399015625  0.231320169
1419.401750000  0.231377710
1419.404484375  0.232592877
1419.407218750  0.233526911
1419.409953125  0.233457006
1419.412687500  0.235293286
1419.415421875  0.235281295
1419.418156250  0.236368449
1419.420890625  0.236772530
1419.423625000  0.237667417
1419.426359375  0.237721469
1419.429093750  0.238350257
1419.431828125  0.240222810
1419.434562500  0.239682447
1419.437296875  0.240154394
1419.440031250  0.241357146
1419.442765625  0.242256465
1419.445500000  0.242648256
1419.448234375  0.242535745
1419.450968750  0.245043023
1419.453703125  0.244195489
1419.456437500  0.245423234
1419.459171875  0.244958794
1419.461906250  0.245298977
1419.464640625  0.246301031
1419.467375000  0.246908479
1419.470109375  0.246686809
1419.472843750  0.247262199
1419.475578125  0.248074579
1419.478312500  0.247902988
1419.481046875  0.249383236
1419.483781250  0.249367742
1419.486515625  0.249240693
1419.489250000  0.250128520
1419.491984375  0.250945887
1419.494718750  0.251380487
1419.497453125  0.251513844
1419.500187500  0.252999892
1419.502921875  0.252521108
1419.505656250  0.252701316
1419.508390625  0.251792654
1419.511125000  0.253369506
1419.513859375  0.254109769
1419.516593750  0.254820059
1419.519328125  0.254986013
1419.522062500  0.254849214
1419.524796875  0.255595627
1419.527531250  0.255481053
1419.530265625  0.256228094
1419.533000000  0.255616183
1419.535734375  0.256907440
1419.538468750  0.257426907
1419.541203125  0.256225431
1419.543937500  0.256851706
1419.546671875  0.257915553
1419.549406250  0.257342589
1419.552140625  0.258280753
1419.554875000  0.258574949
1419.557609375  0.259057263
1419.560343750  0.258705600
1419.563078125  0.259218515
1419.565812500  0.259732480
1419.568546875  0.258498843
1419.571281250  0.260383718
1419.574015625  0.260356085
1419.576750000  0.260725278
1419.579484375  0.260443878
1419.582218750  0.259638816
1419.584953125  0.260115099
1419.587687500  0.261122111
1419.590421875  0.260644944
1419.593156250  0.261270426
1419.595890625  0.261121780
1419.598625000  0.261469538
1419.601359375  0.261015349
1419.604093750  0.261504750
1419.606828125  0.261801408
1419.609562500  0.261849607
1419.612296875  0.261757114
1419.615031250  0.262102859
1419.617765625  0.261783629
1419.620500000  0.261239458
1419.623234375  0.262472966
1419.625968750  0.262929538
1419.628703125  0.262067828
1419.631437500  0.262233851
1419.634171875  0.262201830
1419.636906250  0.262367246
1419.639640625  0.262715241
1419.642375000  0.262154726
1419.645109375  0.262037637
1419.647843750  0.263909102
1419.650578125  0.262669387
1419.653312500  0.263233747
1419.656046875  0.262952771
1419.658781250  0.263156357
1419.661515625  0.262262950
1419.664250000  0.262655438
1419.666984375  0.261896135
1419.669718750  0.262187626
1419.672453125  0.261822886
1419.675187500  0.261478475
1419.677921875  0.262490889
1419.680656250  0.262145109
1419.683390625  0.263531310
1419.686125000  0.262477048
1419.688859375  0.262214840
1419.691593750  0.263024599
1419.694328125  0.262568805
1419.697062500  0.263159941
1419.699796875  0.261962071
1419.702531250  0.263241195
1419.705265625  0.262412021
1419.708000000  0.262164700
1419.710734375  0.262093706
1419.713468750  0.262125800
1419.716203125  0.261945642
1419.718937500  0.261914851
1419.721671875  0.261563570
1419.724406250  0.261634577
1419.727140625  0.262699578
1419.729875000  0.261841053
1419.732609375  0.261442516
1419.735343750  0.262222724
1419.738078125  0.262322952
1419.740812500  0.262197721
1419.743546875  0.262064235
1419.746281250  0.260693625
1419.749015625  0.261545830
1419.751750000  0.260835831
1419.754484375  0.261411238
1419.757218750  0.260146022
1419.759953125  0.261076623
1419.762687500  0.260690866
1419.765421875  0.260471288
1419.768156250  0.260256225
1419.770890625  0.261239663
1419.773625000  0.260709921
1419.776359375  0.260384510
1419.779093750  0.260196527
1419.781828125  0.260333227
1419.784562500  0.259616613
1419.787296875  0.260854069
1419.790031250  0.260700033
1419.792765625  0.259716805
1419.795500000  0.260048502
1419.798234375  0.259254559
1419.800968750  0.259458832
1419.803703125  0.259243466
1419.806437500  0.258792417
1419.809171875  0.259178854
1419.811906250  0.259551199
1419.814640625  0.259332441
1419.817375000  0.259505616
1419.820109375  0.259578116
1419.822843750  0.259705361
1419.825578125  0.259006183
1419.828312500  0.259093428
1419.831046875  0.258361118
1419.833781250  0.258645010
1419.836515625  0.259434802
1419.839250000  0.259174614
1419.841984375  0.258073902
1419.844718750  0.259436389
1419.847453125  0.258759391
1419.850187500  0.258548186
1419.852921875  0.259296536
1419.855656250  0.259595320
1419.858390625  0.258509179
1419.861125000  0.258471318
1419.863859375  0.258857043
1419.866593750  0.258453076
1419.869328125  0.258926108
1419.872062500  0.258043090
1419.874796875  0.258456219
1419.877531250  0.260632486
1419.880265625  0.259862994
1419.883000000  0.263010951
1419.885734375  0.295928176
1419.888468750  0.275376193
1419.891203125  0.260412658
1419.893937500  0.259611506
1419.896671875  0.259396657
1419.899406250  0.258732009
1419.902140625  0.258981744
1419.904875000  0.258899759
1419.907609375  0.258678339
1419.910343750  0.259082854
1419.913078125  0.257995695
1419.915812500  0.258367567
1419.918546875  0.258616006
1419.921281250  0.258747273
1419.924015625  0.257929784
1419.926750000  0.258913363
1419.929484375  0.259400711
1419.932218750  0.259067599
1419.934953125  0.258848598
1419.937687500  0.258353834
1419.940421875  0.258675017
1419.943156250  0.258515849
1419.945890625  0.259030850
1419.948625000  0.258993043
1419.951359375  0.258923990
1419.954093750  0.258293743
1419.956828125  0.258933351
1419.959562500  0.259683935
1419.962296875  0.259118097
1419.965031250  0.259348049
1419.967765625  0.259481794
1419.970500000  0.259194188
1419.973234375  0.259860876
1419.975968750  0.260322880
1419.978703125  0.259843358
1419.981437500  0.258563773
1419.984171875  0.259623241
1419.986906250  0.260481501
1419.989640625  0.259934071
1419.992375000  0.261154817
1419.995109375  0.260641310
1419.997843750  0.259951011
1420.000578125  0.260328043
1420.003312500  0.260686257
1420.006046875  0.260534759
1420.008781250  0.260522066
1420.011515625  0.261650238
1420.014250000  0.260962846
1420.016984375  0.260438700
1420.019718750  0.261540023
1420.022453125  0.261357770
1420.025187500  0.261394738
1420.027921875  0.261283804
1420.030656250  0.261288220
1420.033390625  0.262381367
1420.036125000  0.261765675
1420.038859375  0.261749309
1420.041593750  0.262249704
1420.044328125  0.263334724
1420.047062500  0.262882032
1420.049796875  0.261458627
1420.052531250  0.262852465
1420.055265625  0.262527697
1420.058000000  0.263049170
1420.060734375  0.263925401
1420.063468750  0.263784962
1420.066203125  0.262887849
1420.068937500  0.263490460
1420.071671875  0.263308019
1420.074406250  0.263380291
1420.077140625  0.263502429
1420.079875000  0.263865534
1420.082609375  0.264138667
1420.085343750  0.264874827
1420.088078125  0.265007224
1420.090812500  0.264331382
1420.093546875  0.264281925
1420.096281250  0.265032419
1420.099015625  0.264515610
1420.101750000  0.264856155
1420.104484375  0.266293563
1420.107218750  0.265731340
1420.109953125  0.265949503
1420.112687500  0.266313927
1420.115421875  0.266271770
1420.118156250  0.266181875
1420.120890625  0.267403245
1420.123625000  0.266623614
1420.126359375  0.266521948
1420.129093750  0.266894561
1420.131828125  0.266673884
1420.134562500  0.268110880
1420.137296875  0.267478738
1420.140031250  0.268298582
1420.142765625  0.267954292
1420.145500000  0.267689531
1420.148234375  0.268208864
1420.150968750  0.267820330
1420.153703125  0.268791684
1420.156437500  0.268333537
1420.159171875  0.269233180
1420.161906250  0.269710601
1420.164640625  0.269011351
1420.167375000  0.270022354
1420.170109375  0.270001846
1420.172843750  0.270021977
1420.175578125  0.270818871
1420.178312500  0.271219595
1420.181046875  0.271141550
1420.183781250  0.270928124
1420.186515625  0.272369873
1420.189250000  0.271260775
1420.191984375  0.271365746
1420.194718750  0.271457203
1420.197453125  0.271838297
1420.200187500  0.271875672
1420.202921875  0.272257343
1420.205656250  0.272755411
1420.208390625  0.272993584
1420.211125000  0.272391750
1420.213859375  0.272657935
1420.216593750  0.272683059
1420.219328125  0.273267160
1420.222062500  0.272739592
1420.224796875  0.273251811
1420.227531250  0.274291091
1420.230265625  0.274221895
1420.233000000  0.273914273
1420.235734375  0.273619931
1420.238468750  0.274232781
1420.241203125  0.274843712
1420.243937500  0.274532361
1420.246671875  0.274496790
1420.249406250  0.275292357
1420.252140625  0.274231572
1420.254875000  0.275001235
1420.257609375  0.275553933
1420.260343750  0.274537829
1420.263078125  0.275261294
1420.265812500  0.274451913
1420.268546875  0.275850530
1420.271281250  0.276145191
1420.274015625  0.275268765
1420.276750000  0.275627160
1420.279484375  0.275876852
1420.282218750  0.276574274
1420.284953125  0.276981674
1420.287687500  0.276767715
1420.290421875  0.276978130
1420.293156250  0.277266355
1420.295890625  0.277346889
1420.298625000  0.277396995
1420.301359375  0.276201989
1420.304093750  0.277173823
1420.306828125  0.277520507
1420.309562500  0.277036447
1420.312296875  0.277606650
1420.315031250  0.277780378
1420.317765625  0.277669257
1420.320500000  0.278635919
1420.323234375  0.277261856
1420.325968750  0.278117224
1420.328703125  0.278010646
1420.331437500  0.279039996
1420.334171875  0.279000927
1420.336906250  0.277980503
1420.339640625  0.278770089
1420.342375000  0.277507452
1420.345109375  0.277860034
1420.347843750  0.279068993
1420.350578125  0.278476902
1420.353312500  0.278660307
1420.356046875  0.278073853
1420.358781250  0.278813826
1420.361515625  0.278846991
1420.364250000  0.278306124
1420.366984375  0.278702213
1420.369718750  0.279840390
1420.372453125  0.278812914
1420.375187500  0.278877808
1420.377921875  0.279158575
1420.380656250  0.279524500
1420.383390625  0.279721168
1420.386125000  0.278904986
1420.388859375  0.279138577
1420.391593750  0.278969247
1420.394328125  0.278464791
1420.397062500  0.279397121
1420.399796875  0.278902495
1420.402531250  0.279475941
1420.405265625  0.279016523
1420.408000000  0.275198095
1420.410734375  0.280090984
1420.413468750  0.279245009
1420.416203125  0.279404004
1420.418937500  0.279325433
1420.421671875  0.280030329
1420.424406250  0.278823241
1420.427140625  0.279380116
1420.429875000  0.279796714
1420.432609375  0.278967669
1420.435343750  0.278490894
1420.438078125  0.279501914
1420.440812500  0.278938647
1420.443546875  0.279572568
1420.446281250  0.279077011
1420.449015625  0.280082346
1420.451750000  0.278459870
1420.454484375  0.279062951
1420.457218750  0.278357104
1420.459953125  0.279294869
1420.462687500  0.279386607
1420.465421875  0.277787525
1420.468156250  0.278536011
1420.470890625  0.278654237
1420.473625000  0.279665241
1420.476359375  0.279810970
1420.479093750  0.278664389
1420.481828125  0.278601909
1420.484562500  0.278825123
1420.487296875  0.278412133
1420.490031250  0.278106805
1420.492765625  0.277935838
1420.495500000  0.278709548
1420.498234375  0.278236039
1420.500968750  0.277543988
1420.503703125  0.277673456
1420.506437500  0.277031084
1420.509171875  0.276888854
1420.511906250  0.277109720
1420.514640625  0.277781399
1420.517375000  0.277563558
1420.520109375  0.277077885
1420.522843750  0.277232032
1420.525578125  0.276582525
1420.528312500  0.277786785
1420.531046875  0.277991147
1420.533781250  0.275864038
1420.536515625  0.275917104
1420.539250000  0.276905055
1420.541984375  0.276645515
1420.544718750  0.275970965
1420.547453125  0.275791260
1420.550187500  0.276323820
1420.552921875  0.276267778
1420.555656250  0.275779940
1420.558390625  0.275666691
1420.561125000  0.274942309
1420.563859375  0.275875198
1420.566593750  0.276416641
1420.569328125  0.274684817
1420.572062500  0.275760610
1420.574796875  0.274121143
1420.577531250  0.275121534
1420.580265625  0.274807597
1420.583000000  0.274201748
1420.585734375  0.273867711
1420.588468750  0.273580516
1420.591203125  0.274188916
1420.593937500  0.273421560
1420.596671875  0.274153064
1420.599406250  0.274106528
1420.602140625  0.273188926
1420.604875000  0.273906999
1420.607609375  0.273165632
1420.610343750  0.272491162
1420.613078125  0.272325125
1420.615812500  0.273209585
1420.618546875  0.272320934
1420.621281250  0.271730195
1420.624015625  0.272296201
1420.626750000  0.271830008
1420.629484375  0.271533115
1420.632218750  0.271106531
1420.634953125  0.270716680
1420.637687500  0.269847319
1420.640421875  0.270436057
1420.643156250  0.269932543
1420.645890625  0.269172561
1420.648625000  0.269596672
1420.651359375  0.268308749
1420.654093750  0.269020261
1420.656828125  0.268692017
1420.659562500  0.268248064
1420.662296875  0.268645602
1420.665031250  0.267999763
1420.667765625  0.268240167
1420.670500000  0.267880576
1420.673234375  0.267468372
1420.675968750  0.267475675
1420.678703125  0.267391408
1420.681437500  0.266647985
1420.684171875  0.266880400
1420.686906250  0.266595209
1420.689640625  0.266087664
1420.692375000  0.265754873
1420.695109375  0.265547255
1420.697843750  0.265609195
1420.700578125  0.264266014
1420.703312500  0.265255584
1420.706046875  0.265517112
1420.708781250  0.264891116
1420.711515625  0.265096478
1420.714250000  0.263954691
1420.716984375  0.264246492
1420.719718750  0.263711955
1420.722453125  0.265049076
1420.725187500  0.263315171
1420.727921875  0.263804877
1420.730656250  0.264135670
1420.733390625  0.263070504
1420.736125000  0.262932983
1420.738859375  0.263083557
1420.741593750  0.262603047
1420.744328125  0.261972863
1420.747062500  0.262033247
1420.749796875  0.262104341
1420.752531250  0.262611458
1420.755265625  0.262136748
1420.758000000  0.261193547
1420.760734375  0.260956933
1420.763468750  0.260975006
1420.766203125  0.261679838
1420.768937500  0.260437840
1420.771671875  0.260301928
1420.774406250  0.261290652
1420.777140625  0.260736490
1420.779875000  0.260084401
1420.782609375  0.260033329
1420.785343750  0.260442802
1420.788078125  0.259835718
1420.790812500  0.259856777
1420.793546875  0.259729044
1420.796281250  0.259951932
1420.799015625  0.259406857
1420.801750000  0.258558440
1420.804484375  0.258953884
1420.807218750  0.258912448
1420.809953125  0.258491660
1420.812687500  0.259042207
1420.815421875  0.258727263
1420.818156250  0.259059793
1420.820890625  0.258918781
1420.823625000  0.258382833
1420.826359375  0.258828595
1420.829093750  0.258331960
1420.831828125  0.259129828
1420.834562500  0.259591900
1420.837296875  0.258210808
1420.840031250  0.257901331
1420.842765625  0.257958958
1420.845500000  0.258156574
1420.848234375  0.257970144
1420.850968750  0.257438705
1420.853703125  0.257327136
1420.856437500  0.257631535
1420.859171875  0.257284406
1420.861906250  0.256873032
1420.864640625  0.256532857
1420.867375000  0.257837484
1420.870109375  0.256733060
1420.872843750  0.257538982
1420.875578125  0.256496874
1420.878312500  0.257754023
1420.881046875  0.257236473
1420.883781250  0.257792250
1420.886515625  0.256950976
1420.889250000  0.256679307
1420.891984375  0.256337549
1420.894718750  0.257295176
1420.897453125  0.256771666
1420.900187500  0.255504579
1420.902921875  0.256431219
1420.905656250  0.257020356
1420.908390625  0.257106889
1420.911125000  0.257501759
1420.913859375  0.256389747
1420.916593750  0.256945634
1420.919328125  0.256805460
1420.922062500  0.256482064
1420.924796875  0.255649282
1420.927531250  0.256535214
1420.930265625  0.255955077
1420.933000000  0.257043390
1420.935734375  0.256833002
1420.938468750  0.256518342
1420.941203125  0.257124482
1420.943937500  0.256718612
1420.946671875  0.256776423
1420.949406250  0.256965643
1420.952140625  0.256761646
1420.954875000  0.257549520
1420.957609375  0.256367508
1420.960343750  0.257094626
1420.963078125  0.256937115
1420.965812500  0.257342903
1420.968546875  0.256956123
1420.971281250  0.256892681
1420.974015625  0.257247976
1420.976750000  0.256781017
1420.979484375  0.257145315
1420.982218750  0.256993090
1420.984953125  0.257115070
1420.987687500  0.258460079
1420.990421875  0.257632684
1420.993156250  0.258121834
1420.995890625  0.257269084
1420.998625000  0.257460761
1421.001359375  0.257528130
1421.004093750  0.257465257
1421.006828125  0.257985604
1421.009562500  0.257563865
1421.012296875  0.257251944
1421.015031250  0.258050870
1421.017765625  0.257017907
1421.020500000  0.258166711
1421.023234375  0.257936080
1421.025968750  0.257684222
1421.028703125  0.257603629
1421.031437500  0.257844021
1421.034171875  0.258338665
1421.036906250  0.258179499
1421.039640625  0.259147211
1421.042375000  0.259103910
1421.045109375  0.258870430
1421.047843750  0.258564776
1421.050578125  0.259702781
1421.053312500  0.259322646
1421.056046875  0.258720810
1421.058781250  0.258758152
1421.061515625  0.258008814
1421.064250000  0.258698047
1421.066984375  0.259468892
1421.069718750  0.260281338
1421.072453125  0.259864291
1421.075187500  0.258754998
1421.077921875  0.259552665
1421.080656250  0.259681713
1421.083390625  0.259758378
1421.086125000  0.259681952
1421.088859375  0.259525769
1421.091593750  0.259912236
1421.094328125  0.259450079
1421.097062500  0.259743303
1421.099796875  0.259475114
1421.102531250  0.259900055
1421.105265625  0.259281594
1421.108000000  0.259262540
1421.110734375  0.260276975
1421.113468750  0.260485293
1421.116203125  0.260174878
1421.118937500  0.260452768
1421.121671875  0.259717810
1421.124406250  0.259725754
1421.127140625  0.259448629
1421.129875000  0.260249958
1421.132609375  0.260485176
1421.135343750  0.260466076
1421.138078125  0.259945507
1421.140812500  0.260887301
1421.143546875  0.260272888
1421.146281250  0.260426560
1421.149015625  0.260737231
1421.151750000  0.260806109
1421.154484375  0.259835020
1421.157218750  0.259646233
1421.159953125  0.260666710
1421.162687500  0.259849378
1421.165421875  0.260359859
1421.168156250  0.260882618
1421.170890625  0.260699234
1421.173625000  0.259897919
1421.176359375  0.259355975
1421.179093750  0.259694341
1421.181828125  0.259271125
1421.184562500  0.260101333
1421.187296875  0.259254819
1421.190031250  0.259618695
1421.192765625  0.259485709
1421.195500000  0.259720694
1421.198234375  0.260010196
1421.200968750  0.259663173
1421.203703125  0.258924872
1421.206437500  0.259733196
1421.209171875  0.258606811
1421.211906250  0.258599927
1421.214640625  0.259319682
1421.217375000  0.258549787
1421.220109375  0.258401750
1421.222843750  0.259239383
1421.225578125  0.257460670
1421.228312500  0.258312904
1421.231046875  0.257737000
1421.233781250  0.258109003
1421.236515625  0.257987229
1421.239250000  0.256855556
1421.241984375  0.257411277
1421.244718750  0.256698865
1421.247453125  0.256923599
1421.250187500  0.256261547
1421.252921875  0.255768864
1421.255656250  0.256541389
1421.258390625  0.256170589
1421.261125000  0.256068572
1421.263859375  0.255967010
1421.266593750  0.255289375
1421.269328125  0.254756891
1421.272062500  0.254738900
1421.274796875  0.254057813
1421.277531250  0.254520868
1421.280265625  0.254251290
1421.283000000  0.252984483
1421.285734375  0.253357687
1421.288468750  0.253703512
1421.291203125  0.252387998
1421.293937500  0.253712328
1421.296671875  0.252441354
1421.299406250  0.252134773
1421.302140625  0.251187826
1421.304875000  0.251285853
1421.307609375  0.250592700
1421.310343750  0.250246783
1421.313078125  0.250628045
1421.315812500  0.249245712
1421.318546875  0.249008891
1421.321281250  0.248475149
1421.324015625  0.248021189
1421.326750000  0.247884128
1421.329484375  0.247256705
1421.332218750  0.247003341
1421.334953125  0.246668686
1421.337687500  0.245581897
1421.340421875  0.245885457
1421.343156250  0.244910620
1421.345890625  0.244904954
1421.348625000  0.244362702
1421.351359375  0.243755557
1421.354093750  0.243810704
1421.356828125  0.242964909
1421.359562500  0.241700487
1421.362296875  0.241261634
1421.365031250  0.241266916
1421.367765625  0.240770503
1421.370500000  0.240934907
1421.373234375  0.239515715
1421.375968750  0.238541771
1421.378703125  0.237424640
1421.381437500  0.237609212
1421.384171875  0.236669990
1421.386906250  0.236051880
1421.389640625  0.235347504
1421.392375000  0.234382357
1421.395109375  0.233914901
1421.397843750  0.233546437
1421.400578125  0.233174617
1421.403312500  0.231317676
1421.406046875  0.231544236
1421.408781250  0.230952151
1421.411515625  0.229997300
1421.414250000  0.229203983
1421.416984375  0.227932222
1421.419718750  0.227443888
1421.422453125  0.227358720
1421.425187500  0.226010079
1421.427921875  0.226065166
1421.430656250  0.224515145
1421.433390625  0.223948983
1421.436125000  0.223267779
1421.438859375  0.222216299
1421.441593750  0.221832011
1421.444328125  0.220910093
1421.447062500  0.220187896
1421.449796875  0.219088678
1421.452531250  0.218216868
1421.455265625  0.217128445
1421.458000000  0.217052645
1421.460734375  0.215927816
1421.463468750  0.214740692
1421.466203125  0.214515277
1421.468937500  0.213455193
1421.471671875  0.212838224
1421.474406250  0.211277285
1421.477140625  0.210678805
1421.479875000  0.209729094
1421.482609375  0.208164272
1421.485343750  0.207447076
1421.488078125  0.207736823
1421.490812500  0.204679278
1421.493546875  0.204975576
1421.496281250  0.203907867
1421.499015625  0.202437971
1421.501750000  0.201591265
1421.504484375  0.200273163
1421.507218750  0.199036047
1421.509953125  0.198374707
1421.512687500  0.197344211
1421.515421875  0.196560776
1421.518156250  0.195995004
1421.520890625  0.195234367
1421.523625000  0.193653904
1421.526359375  0.192848328
1421.529093750  0.191519380
1421.531828125  0.190106212
1421.534562500  0.189212519
1421.537296875  0.188414382
1421.540031250  0.187285610
1421.542765625  0.186299001
1421.545500000  0.185442909
1421.548234375  0.184281557
1421.550968750  0.182950324
1421.553703125  0.181880429
1421.556437500  0.180763873
1421.559171875  0.179311166
1421.561906250  0.178851858
1421.564640625  0.177636028
1421.567375000  0.176187803
1421.570109375  0.175077345
1421.572843750  0.174517620
1421.575578125  0.173278159
1421.578312500  0.171661864
1421.581046875  0.170953354
1421.583781250  0.169416980
1421.586515625  0.168322051
1421.589250000  0.167862218
1421.591984375  0.165758873
1421.594718750  0.165274713
1421.597453125  0.164420566
1421.600187500  0.162745481
1421.602921875  0.161742152
1421.605656250  0.160320200
1421.608390625  0.159483876
1421.611125000  0.158429964
1421.613859375  0.157432022
1421.616593750  0.155730912
1421.619328125  0.154742327
1421.622062500  0.153810875
1421.624796875  0.152538829
1421.627531250  0.151604015
1421.630265625  0.150322369
1421.633000000  0.149220039
1421.635734375  0.148258992
1421.638468750  0.147386670
1421.641203125  0.146147020
1421.643937500  0.144713742
1421.646671875  0.143695235
1421.649406250  0.143094372
1421.652140625  0.141590778
1421.654875000  0.140123048
1421.657609375  0.139628404
1421.660343750  0.138457504
1421.663078125  0.137151570
1421.665812500  0.136569910
1421.668546875  0.135182373
1421.671281250  0.134046078
1421.674015625  0.132895822
1421.676750000  0.132135360
1421.679484375  0.131099235
1421.682218750  0.129967488
1421.684953125  0.128998646
1421.687687500  0.127900614
1421.690421875  0.127027194
1421.693156250  0.125987403
1421.695890625  0.125162278
1421.698625000  0.124217550
1421.701359375  0.123545419
1421.704093750  0.122820542
1421.706828125  0.121868382
1421.709562500  0.120901681
1421.712296875  0.120081805
1421.715031250  0.119236786
1421.717765625  0.118265629
1421.720500000  0.117622819
1421.723234375  0.116652381
1421.725968750  0.115848821
1421.728703125  0.115104328
1421.731437500  0.114014751
1421.734171875  0.113989282
1421.736906250  0.112886407
1421.739640625  0.112150743
1421.742375000  0.111597384
1421.745109375  0.111031579
1421.747843750  0.110442889
1421.750578125  0.110155706
1421.753312500  0.109239761
1421.756046875  0.108913454
1421.758781250  0.108249314
1421.761515625  0.107676828
1421.764250000  0.107338024
1421.766984375  0.107073358
1421.769718750  0.106561382
1421.772453125  0.106176981
1421.775187500  0.105859202
1421.777921875  0.105663802
1421.780656250  0.105397456
1421.783390625  0.104695446
1421.786125000  0.104842658
1421.788859375  0.104713971
1421.791593750  0.104400310
1421.794328125  0.104336615
1421.797062500  0.104225242
1421.799796875  0.104191635
1421.802531250  0.103899133
1421.805265625  0.104113856

