4/20/2025 1:54:56 AM  Counts:100000
1419.008000000  0.103189905
1419.010734375  0.103297786
1419.013468750  0.103397564
1419.016203125  0.103557209
1419.018937500  0.103731782
1419.021671875  0.103750641
1419.024406250  0.104008048
1419.027140625  0.104250014
1419.029875000  0.104694866
1419.032609375  0.104541474
1419.035343750  0.104927646
1419.038078125  0.105365735
1419.040812500  0.105950445
1419.043546875  0.105947843
1419.046281250  0.106539075
1419.049015625  0.106764549
1419.051750000  0.107391390
1419.054484375  0.107937743
1419.057218750  0.108509646
1419.059953125  0.108655290
1419.062687500  0.109490946
1419.065421875  0.110010979
1419.068156250  0.110659937
1419.070890625  0.111228405
1419.073625000  0.111921575
1419.076359375  0.112470925
1419.079093750  0.113470828
1419.081828125  0.114024278
1419.084562500  0.114868879
1419.087296875  0.115432266
1419.090031250  0.116264481
1419.092765625  0.117011486
1419.095500000  0.117824047
1419.098234375  0.118323107
1419.100968750  0.119788428
1419.103703125  0.120103340
1419.106437500  0.121269459
1419.109171875  0.122103774
1419.111906250  0.122714843
1419.114640625  0.124305690
1419.117375000  0.124770217
1419.120109375  0.125711157
1419.122843750  0.126973520
1419.125578125  0.128067078
1419.128312500  0.128660648
1419.131046875  0.129814997
1419.133781250  0.130542865
1419.136515625  0.131596954
1419.139250000  0.132683265
1419.141984375  0.133625893
1419.144718750  0.134895307
1419.147453125  0.136203849
1419.150187500  0.137071678
1419.152921875  0.138322772
1419.155656250  0.139177723
1419.158390625  0.140437063
1419.161125000  0.141462435
1419.163859375  0.142172964
1419.166593750  0.143890003
1419.169328125  0.144141153
1419.172062500  0.145547775
1419.174796875  0.146499708
1419.177531250  0.147782381
1419.180265625  0.148874160
1419.183000000  0.149894420
1419.185734375  0.151215498
1419.188468750  0.152236186
1419.191203125  0.153335593
1419.193937500  0.155050293
1419.196671875  0.155805140
1419.199406250  0.156935684
1419.202140625  0.158217217
1419.204875000  0.159172643
1419.207609375  0.160602076
1419.210343750  0.161284663
1419.213078125  0.162700949
1419.215812500  0.163982972
1419.218546875  0.165385757
1419.221281250  0.166089901
1419.224015625  0.167265522
1419.226750000  0.168680003
1419.229484375  0.169812709
1419.232218750  0.170858802
1419.234953125  0.171373710
1419.237687500  0.172934249
1419.240421875  0.173955345
1419.243156250  0.175771870
1419.245890625  0.176090940
1419.248625000  0.177727536
1419.251359375  0.177977665
1419.254093750  0.179595568
1419.256828125  0.180686415
1419.259562500  0.181717761
1419.262296875  0.183590893
1419.265031250  0.184055538
1419.267765625  0.185287406
1419.270500000  0.186565231
1419.273234375  0.187025504
1419.275968750  0.188237722
1419.278703125  0.189549709
1419.281437500  0.189984917
1419.284171875  0.191752775
1419.286906250  0.192849353
1419.289640625  0.193439359
1419.292375000  0.194719705
1419.295109375  0.195680649
1419.297843750  0.197115693
1419.300578125  0.197299001
1419.303312500  0.198289130
1419.306046875  0.199596124
1419.308781250  0.201191157
1419.311515625  0.202429595
1419.314250000  0.202548397
1419.316984375  0.204098176
1419.319718750  0.204411713
1419.322453125  0.205122887
1419.325187500  0.207013362
1419.327921875  0.207850478
1419.330656250  0.208422690
1419.333390625  0.209600075
1419.336125000  0.210041591
1419.338859375  0.212017181
1419.341593750  0.212469683
1419.344328125  0.213053708
1419.347062500  0.214306287
1419.349796875  0.214857982
1419.352531250  0.216314340
1419.355265625  0.216877486
1419.358000000  0.218012453
1419.360734375  0.218329856
1419.363468750  0.218834140
1419.366203125  0.219496550
1419.368937500  0.220620551
1419.371671875  0.221899539
1419.374406250  0.223253600
1419.377140625  0.223761237
1419.379875000  0.224029199
1419.382609375  0.225391665
1419.385343750  0.226467622
1419.388078125  0.226600885
1419.390812500  0.227421652
1419.393546875  0.227795783
1419.396281250  0.229390669
1419.399015625  0.229884005
1419.401750000  0.231023642
1419.404484375  0.230988845
1419.407218750  0.231215631
1419.409953125  0.231958163
1419.412687500  0.233830889
1419.415421875  0.233735037
1419.418156250  0.234296864
1419.420890625  0.235518238
1419.423625000  0.236057880
1419.426359375  0.236403236
1419.429093750  0.237208009
1419.431828125  0.237719961
1419.434562500  0.238323279
1419.437296875  0.238856294
1419.440031250  0.239537341
1419.442765625  0.239831504
1419.445500000  0.240991784
1419.448234375  0.241121699
1419.450968750  0.241517125
1419.453703125  0.242210747
1419.456437500  0.243914786
1419.459171875  0.243915795
1419.461906250  0.244660318
1419.464640625  0.244895966
1419.467375000  0.245092992
1419.470109375  0.245518021
1419.472843750  0.245749524
1419.475578125  0.246321192
1419.478312500  0.246702970
1419.481046875  0.247927543
1419.483781250  0.247813425
1419.486515625  0.248314327
1419.489250000  0.249209747
1419.491984375  0.249703904
1419.494718750  0.249080771
1419.497453125  0.250306686
1419.500187500  0.250148968
1419.502921875  0.250676643
1419.505656250  0.250894110
1419.508390625  0.252246586
1419.511125000  0.251128378
1419.513859375  0.251926481
1419.516593750  0.252149182
1419.519328125  0.252645605
1419.522062500  0.253027371
1419.524796875  0.253598989
1419.527531250  0.253992977
1419.530265625  0.254791101
1419.533000000  0.254566419
1419.535734375  0.254860783
1419.538468750  0.255252864
1419.541203125  0.255550905
1419.543937500  0.255673177
1419.546671875  0.255976647
1419.549406250  0.256286009
1419.552140625  0.255824604
1419.554875000  0.256715292
1419.557609375  0.257070181
1419.560343750  0.256620045
1419.563078125  0.257483874
1419.565812500  0.257449886
1419.568546875  0.257694746
1419.571281250  0.258506198
1419.574015625  0.257713235
1419.576750000  0.258104447
1419.579484375  0.257558208
1419.582218750  0.258258611
1419.584953125  0.258934636
1419.587687500  0.259544115
1419.590421875  0.258243381
1419.593156250  0.258855595
1419.595890625  0.259675023
1419.598625000  0.259450153
1419.601359375  0.259488619
1419.604093750  0.258957536
1419.606828125  0.259891879
1419.609562500  0.260017691
1419.612296875  0.259984419
1419.615031250  0.259168219
1419.617765625  0.260101840
1419.620500000  0.260187799
1419.623234375  0.260177825
1419.625968750  0.260620969
1419.628703125  0.260348139
1419.631437500  0.260009724
1419.634171875  0.260227711
1419.636906250  0.260687679
1419.639640625  0.260478697
1419.642375000  0.259893773
1419.645109375  0.260403713
1419.647843750  0.261400819
1419.650578125  0.260343166
1419.653312500  0.260643835
1419.656046875  0.261130160
1419.658781250  0.260820072
1419.661515625  0.260634799
1419.664250000  0.261091195
1419.666984375  0.260216218
1419.669718750  0.260557340
1419.672453125  0.259583562
1419.675187500  0.260644235
1419.677921875  0.260288037
1419.680656250  0.261009892
1419.683390625  0.261037460
1419.686125000  0.260966145
1419.688859375  0.261041374
1419.691593750  0.260439215
1419.694328125  0.260848440
1419.697062500  0.260395110
1419.699796875  0.260897437
1419.702531250  0.260368940
1419.705265625  0.260956854
1419.708000000  0.260882633
1419.710734375  0.260304606
1419.713468750  0.259839857
1419.716203125  0.260559821
1419.718937500  0.260121380
1419.721671875  0.260485978
1419.724406250  0.260040972
1419.727140625  0.259942515
1419.729875000  0.260548397
1419.732609375  0.260898121
1419.735343750  0.259832844
1419.738078125  0.259778330
1419.740812500  0.259966442
1419.743546875  0.260151446
1419.746281250  0.259597805
1419.749015625  0.259096609
1419.751750000  0.259442581
1419.754484375  0.260069880
1419.757218750  0.259706633
1419.759953125  0.258932762
1419.762687500  0.258536387
1419.765421875  0.258928396
1419.768156250  0.258575892
1419.770890625  0.259939909
1419.773625000  0.258797635
1419.776359375  0.258847782
1419.779093750  0.259088837
1419.781828125  0.258273978
1419.784562500  0.258881209
1419.787296875  0.258631538
1419.790031250  0.258076146
1419.792765625  0.257612412
1419.795500000  0.258358982
1419.798234375  0.258791021
1419.800968750  0.258381544
1419.803703125  0.257851360
1419.806437500  0.258464493
1419.809171875  0.257367848
1419.811906250  0.258632491
1419.814640625  0.257991412
1419.817375000  0.256911582
1419.820109375  0.257665362
1419.822843750  0.258637278
1419.825578125  0.257845497
1419.828312500  0.257559870
1419.831046875  0.257375580
1419.833781250  0.258121759
1419.836515625  0.258147953
1419.839250000  0.257397042
1419.841984375  0.257840424
1419.844718750  0.257124814
1419.847453125  0.258206333
1419.850187500  0.256540843
1419.852921875  0.257903883
1419.855656250  0.256803164
1419.858390625  0.257462863
1419.861125000  0.256661396
1419.863859375  0.257212939
1419.866593750  0.256695411
1419.869328125  0.256341478
1419.872062500  0.256664646
1419.874796875  0.256620261
1419.877531250  0.257415382
1419.880265625  0.257710656
1419.883000000  0.258052938
1419.885734375  0.265226979
1419.888468750  0.261100231
1419.891203125  0.257717795
1419.893937500  0.256969878
1419.896671875  0.256911604
1419.899406250  0.256201082
1419.902140625  0.258057983
1419.904875000  0.257175965
1419.907609375  0.256559926
1419.910343750  0.256467347
1419.913078125  0.257569518
1419.915812500  0.256677470
1419.918546875  0.256685253
1419.921281250  0.256495265
1419.924015625  0.255894038
1419.926750000  0.257498646
1419.929484375  0.257387097
1419.932218750  0.256755764
1419.934953125  0.257249327
1419.937687500  0.257893546
1419.940421875  0.256941021
1419.943156250  0.257053727
1419.945890625  0.257035793
1419.948625000  0.257032960
1419.951359375  0.256821905
1419.954093750  0.257304321
1419.956828125  0.256999585
1419.959562500  0.257439838
1419.962296875  0.257729314
1419.965031250  0.257937592
1419.967765625  0.257802597
1419.970500000  0.258486441
1419.973234375  0.258028314
1419.975968750  0.258001660
1419.978703125  0.258538984
1419.981437500  0.258300727
1419.984171875  0.258306674
1419.986906250  0.258040508
1419.989640625  0.258178155
1419.992375000  0.258765968
1419.995109375  0.258790371
1419.997843750  0.258752675
1420.000578125  0.258412131
1420.003312500  0.258477511
1420.006046875  0.259073578
1420.008781250  0.258936288
1420.011515625  0.258939477
1420.014250000  0.259239660
1420.016984375  0.258856498
1420.019718750  0.259513833
1420.022453125  0.258713905
1420.025187500  0.259348962
1420.027921875  0.258992455
1420.030656250  0.259398684
1420.033390625  0.260457127
1420.036125000  0.260059836
1420.038859375  0.259465930
1420.041593750  0.260700841
1420.044328125  0.261084457
1420.047062500  0.259576884
1420.049796875  0.260712720
1420.052531250  0.261250513
1420.055265625  0.261551566
1420.058000000  0.260812353
1420.060734375  0.262945645
1420.063468750  0.261878378
1420.066203125  0.261793044
1420.068937500  0.261703355
1420.071671875  0.262044386
1420.074406250  0.262408760
1420.077140625  0.262374722
1420.079875000  0.261888617
1420.082609375  0.262197163
1420.085343750  0.261915985
1420.088078125  0.263391407
1420.090812500  0.263179210
1420.093546875  0.264054253
1420.096281250  0.264215092
1420.099015625  0.263751249
1420.101750000  0.264195079
1420.104484375  0.263190779
1420.107218750  0.264214560
1420.109953125  0.264171949
1420.112687500  0.265275644
1420.115421875  0.265247470
1420.118156250  0.264918050
1420.120890625  0.265522291
1420.123625000  0.264889312
1420.126359375  0.265937912
1420.129093750  0.265505397
1420.131828125  0.265633635
1420.134562500  0.265530157
1420.137296875  0.265584804
1420.140031250  0.266547923
1420.142765625  0.265764086
1420.145500000  0.266747588
1420.148234375  0.267484272
1420.150968750  0.267351471
1420.153703125  0.266858360
1420.156437500  0.268381687
1420.159171875  0.266839833
1420.161906250  0.267808904
1420.164640625  0.267590334
1420.167375000  0.268378833
1420.170109375  0.269119513
1420.172843750  0.268402250
1420.175578125  0.268260806
1420.178312500  0.268580492
1420.181046875  0.268864445
1420.183781250  0.268982857
1420.186515625  0.268775403
1420.189250000  0.269953713
1420.191984375  0.269145435
1420.194718750  0.270066213
1420.197453125  0.270132349
1420.200187500  0.270963139
1420.202921875  0.271433999
1420.205656250  0.270470020
1420.208390625  0.270621286
1420.211125000  0.270854777
1420.213859375  0.271054637
1420.216593750  0.270646681
1420.219328125  0.271199853
1420.222062500  0.271783485
1420.224796875  0.272459497
1420.227531250  0.273417483
1420.230265625  0.272383927
1420.233000000  0.272932221
1420.235734375  0.272375511
1420.238468750  0.272580676
1420.241203125  0.272877672
1420.243937500  0.273047135
1420.246671875  0.273258568
1420.249406250  0.273809504
1420.252140625  0.273530211
1420.254875000  0.273122950
1420.257609375  0.274159580
1420.260343750  0.272929352
1420.263078125  0.274493361
1420.265812500  0.274316998
1420.268546875  0.274343207
1420.271281250  0.274536794
1420.274015625  0.274587853
1420.276750000  0.275177657
1420.279484375  0.274614738
1420.282218750  0.275044901
1420.284953125  0.274925982
1420.287687500  0.275109614
1420.290421875  0.276462435
1420.293156250  0.275263983
1420.295890625  0.274769481
1420.298625000  0.275413706
1420.301359375  0.276036827
1420.304093750  0.275868210
1420.306828125  0.275602335
1420.309562500  0.276348878
1420.312296875  0.276543843
1420.315031250  0.276164234
1420.317765625  0.276545871
1420.320500000  0.277318277
1420.323234375  0.276815032
1420.325968750  0.276326200
1420.328703125  0.276164287
1420.331437500  0.276599841
1420.334171875  0.276639175
1420.336906250  0.276866004
1420.339640625  0.276771640
1420.342375000  0.277109682
1420.345109375  0.276554698
1420.347843750  0.276911761
1420.350578125  0.276661559
1420.353312500  0.277785578
1420.356046875  0.277456840
1420.358781250  0.277003042
1420.361515625  0.276488674
1420.364250000  0.277106083
1420.366984375  0.277123648
1420.369718750  0.277337046
1420.372453125  0.277328658
1420.375187500  0.276700698
1420.377921875  0.278709130
1420.380656250  0.278089514
1420.383390625  0.278110254
1420.386125000  0.277761132
1420.388859375  0.277548362
1420.391593750  0.277332686
1420.394328125  0.278262408
1420.397062500  0.277925187
1420.399796875  0.277494881
1420.402531250  0.277449941
1420.405265625  0.278163258
1420.408000000  0.272910300
1420.410734375  0.277714513
1420.413468750  0.278150472
1420.416203125  0.277685848
1420.418937500  0.277865541
1420.421671875  0.278171369
1420.424406250  0.278173722
1420.427140625  0.278197116
1420.429875000  0.278569209
1420.432609375  0.278292795
1420.435343750  0.278641549
1420.438078125  0.278080102
1420.440812500  0.278585463
1420.443546875  0.276839069
1420.446281250  0.277023111
1420.449015625  0.276800175
1420.451750000  0.276919021
1420.454484375  0.277705242
1420.457218750  0.277059909
1420.459953125  0.277360073
1420.462687500  0.278443964
1420.465421875  0.277701212
1420.468156250  0.276574586
1420.470890625  0.276899993
1420.473625000  0.275927213
1420.476359375  0.276566331
1420.479093750  0.276404483
1420.481828125  0.278040439
1420.484562500  0.276383974
1420.487296875  0.277329190
1420.490031250  0.277351555
1420.492765625  0.276765861
1420.495500000  0.276364972
1420.498234375  0.276110347
1420.500968750  0.275919316
1420.503703125  0.275849552
1420.506437500  0.275881983
1420.509171875  0.275418414
1420.511906250  0.275685675
1420.514640625  0.275953784
1420.517375000  0.275922546
1420.520109375  0.275090411
1420.522843750  0.274865742
1420.525578125  0.274899770
1420.528312500  0.274685509
1420.531046875  0.276220553
1420.533781250  0.274861887
1420.536515625  0.274895572
1420.539250000  0.274352478
1420.541984375  0.274873594
1420.544718750  0.273863346
1420.547453125  0.274249358
1420.550187500  0.275128676
1420.552921875  0.274071911
1420.555656250  0.273268804
1420.558390625  0.273742801
1420.561125000  0.273887890
1420.563859375  0.273262009
1420.566593750  0.273250454
1420.569328125  0.273471334
1420.572062500  0.273746517
1420.574796875  0.272985454
1420.577531250  0.273015830
1420.580265625  0.273025885
1420.583000000  0.273355521
1420.585734375  0.271867814
1420.588468750  0.272202309
1420.591203125  0.271954702
1420.593937500  0.271836433
1420.596671875  0.271752280
1420.599406250  0.271813412
1420.602140625  0.271970869
1420.604875000  0.271723345
1420.607609375  0.271368965
1420.610343750  0.271515776
1420.613078125  0.271285910
1420.615812500  0.271221037
1420.618546875  0.270904191
1420.621281250  0.270632246
1420.624015625  0.270637525
1420.626750000  0.270224740
1420.629484375  0.269478449
1420.632218750  0.270210054
1420.634953125  0.269898467
1420.637687500  0.268690926
1420.640421875  0.269218377
1420.643156250  0.269061239
1420.645890625  0.268401018
1420.648625000  0.268018282
1420.651359375  0.267757366
1420.654093750  0.267451510
1420.656828125  0.267087698
1420.659562500  0.267104642
1420.662296875  0.267668125
1420.665031250  0.265702921
1420.667765625  0.265271819
1420.670500000  0.265825674
1420.673234375  0.265436606
1420.675968750  0.265174685
1420.678703125  0.265272577
1420.681437500  0.265069102
1420.684171875  0.264638704
1420.686906250  0.265113457
1420.689640625  0.264913182
1420.692375000  0.264763090
1420.695109375  0.264042986
1420.697843750  0.264575341
1420.700578125  0.263444354
1420.703312500  0.262877050
1420.706046875  0.263000866
1420.708781250  0.262653141
1420.711515625  0.262670401
1420.714250000  0.263063749
1420.716984375  0.262314893
1420.719718750  0.262768127
1420.722453125  0.261584754
1420.725187500  0.262029342
1420.727921875  0.261821559
1420.730656250  0.261294023
1420.733390625  0.261460038
1420.736125000  0.260780944
1420.738859375  0.260739022
1420.741593750  0.261532154
1420.744328125  0.260830860
1420.747062500  0.261182747
1420.749796875  0.259968491
1420.752531250  0.260337418
1420.755265625  0.259605715
1420.758000000  0.260005150
1420.760734375  0.259599297
1420.763468750  0.259738320
1420.766203125  0.259239128
1420.768937500  0.259924476
1420.771671875  0.258849333
1420.774406250  0.258925779
1420.777140625  0.259024568
1420.779875000  0.257847613
1420.782609375  0.258716418
1420.785343750  0.259118413
1420.788078125  0.258795961
1420.790812500  0.258326010
1420.793546875  0.257948865
1420.796281250  0.257789573
1420.799015625  0.258276025
1420.801750000  0.258289001
1420.804484375  0.257451693
1420.807218750  0.257205282
1420.809953125  0.258422046
1420.812687500  0.257240335
1420.815421875  0.257470071
1420.818156250  0.257392338
1420.820890625  0.256936125
1420.823625000  0.256385458
1420.826359375  0.256810212
1420.829093750  0.257253073
1420.831828125  0.256476830
1420.834562500  0.257319170
1420.837296875  0.256389691
1420.840031250  0.255811495
1420.842765625  0.256073718
1420.845500000  0.256484830
1420.848234375  0.256662405
1420.850968750  0.256253323
1420.853703125  0.255757774
1420.856437500  0.255612726
1420.859171875  0.255756394
1420.861906250  0.256288486
1420.864640625  0.256053513
1420.867375000  0.255987102
1420.870109375  0.255902267
1420.872843750  0.255384253
1420.875578125  0.255737509
1420.878312500  0.255470618
1420.881046875  0.255578759
1420.883781250  0.254963947
1420.886515625  0.254437494
1420.889250000  0.255727746
1420.891984375  0.256135892
1420.894718750  0.254916408
1420.897453125  0.255491398
1420.900187500  0.254907108
1420.902921875  0.256226586
1420.905656250  0.255111893
1420.908390625  0.255675424
1420.911125000  0.255855816
1420.913859375  0.255449776
1420.916593750  0.255725983
1420.919328125  0.255312941
1420.922062500  0.255579644
1420.924796875  0.255486606
1420.927531250  0.254930050
1420.930265625  0.255202378
1420.933000000  0.254645683
1420.935734375  0.254758836
1420.938468750  0.255180732
1420.941203125  0.254596339
1420.943937500  0.255892458
1420.946671875  0.254816475
1420.949406250  0.255454939
1420.952140625  0.255840432
1420.954875000  0.255050531
1420.957609375  0.256421727
1420.960343750  0.256122212
1420.963078125  0.255236266
1420.965812500  0.254926492
1420.968546875  0.255431592
1420.971281250  0.255544140
1420.974015625  0.255538031
1420.976750000  0.254750914
1420.979484375  0.256809421
1420.982218750  0.256093515
1420.984953125  0.255915341
1420.987687500  0.255471319
1420.990421875  0.255892497
1420.993156250  0.255658105
1420.995890625  0.255784978
1420.998625000  0.255974930
1421.001359375  0.256504569
1421.004093750  0.255424585
1421.006828125  0.255444508
1421.009562500  0.256359105
1421.012296875  0.255956569
1421.015031250  0.256242158
1421.017765625  0.256841382
1421.020500000  0.256162407
1421.023234375  0.257772470
1421.025968750  0.256103440
1421.028703125  0.256259824
1421.031437500  0.256525852
1421.034171875  0.256410635
1421.036906250  0.256236447
1421.039640625  0.257180326
1421.042375000  0.255723504
1421.045109375  0.257568719
1421.047843750  0.257072450
1421.050578125  0.257242487
1421.053312500  0.257688890
1421.056046875  0.257499285
1421.058781250  0.257116724
1421.061515625  0.257588085
1421.064250000  0.256904832
1421.066984375  0.257909879
1421.069718750  0.257589284
1421.072453125  0.257286285
1421.075187500  0.257465480
1421.077921875  0.257610450
1421.080656250  0.257130458
1421.083390625  0.257872155
1421.086125000  0.258826250
1421.088859375  0.258219099
1421.091593750  0.258307841
1421.094328125  0.258672384
1421.097062500  0.257660355
1421.099796875  0.258852687
1421.102531250  0.258021691
1421.105265625  0.258069920
1421.108000000  0.257636351
1421.110734375  0.258725266
1421.113468750  0.258476090
1421.116203125  0.259030941
1421.118937500  0.258171969
1421.121671875  0.258180663
1421.124406250  0.259031536
1421.127140625  0.259511504
1421.129875000  0.258744438
1421.132609375  0.257769858
1421.135343750  0.259107642
1421.138078125  0.259420562
1421.140812500  0.258139994
1421.143546875  0.258191896
1421.146281250  0.258647702
1421.149015625  0.258986158
1421.151750000  0.259122534
1421.154484375  0.258126795
1421.157218750  0.258806117
1421.159953125  0.258682481
1421.162687500  0.258487169
1421.165421875  0.258745459
1421.168156250  0.258632765
1421.170890625  0.258715257
1421.173625000  0.258687018
1421.176359375  0.258901761
1421.179093750  0.258058047
1421.181828125  0.258288809
1421.184562500  0.257691394
1421.187296875  0.258504482
1421.190031250  0.257458053
1421.192765625  0.258140476
1421.195500000  0.257285838
1421.198234375  0.257312975
1421.200968750  0.258069678
1421.203703125  0.257881622
1421.206437500  0.257736566
1421.209171875  0.257186306
1421.211906250  0.256830257
1421.214640625  0.257344783
1421.217375000  0.257839524
1421.220109375  0.257779075
1421.222843750  0.256724968
1421.225578125  0.257158297
1421.228312500  0.256781528
1421.231046875  0.256186407
1421.233781250  0.256418236
1421.236515625  0.256159072
1421.239250000  0.256510853
1421.241984375  0.255631551
1421.244718750  0.255577223
1421.247453125  0.255633713
1421.250187500  0.255022376
1421.252921875  0.255496986
1421.255656250  0.254893018
1421.258390625  0.254581887
1421.261125000  0.254280857
1421.263859375  0.254438947
1421.266593750  0.253775022
1421.269328125  0.253214316
1421.272062500  0.253815512
1421.274796875  0.252874738
1421.277531250  0.252575123
1421.280265625  0.252725371
1421.283000000  0.252704291
1421.285734375  0.252193656
1421.288468750  0.252197570
1421.291203125  0.251870964
1421.293937500  0.250605822
1421.296671875  0.251095539
1421.299406250  0.250476661
1421.302140625  0.250157850
1421.304875000  0.249517740
1421.307609375  0.249535791
1421.310343750  0.249521738
1421.313078125  0.247937486
1421.315812500  0.247605564
1421.318546875  0.247172687
1421.321281250  0.247944052
1421.324015625  0.246679967
1421.326750000  0.247626003
1421.329484375  0.246489056
1421.332218750  0.245361237
1421.334953125  0.244879337
1421.337687500  0.245054270
1421.340421875  0.244112790
1421.343156250  0.243120432
1421.345890625  0.243467048
1421.348625000  0.243340930
1421.351359375  0.242161830
1421.354093750  0.242080515
1421.356828125  0.240768870
1421.359562500  0.240569754
1421.362296875  0.240613911
1421.365031250  0.239028617
1421.367765625  0.238073737
1421.370500000  0.238423454
1421.373234375  0.237564838
1421.375968750  0.237462304
1421.378703125  0.235855344
1421.381437500  0.235946544
1421.384171875  0.235652493
1421.386906250  0.235095984
1421.389640625  0.234174682
1421.392375000  0.232846643
1421.395109375  0.232470685
1421.397843750  0.231654400
1421.400578125  0.231023201
1421.403312500  0.230968273
1421.406046875  0.230643617
1421.408781250  0.229365459
1421.411515625  0.228539950
1421.414250000  0.228603751
1421.416984375  0.227496200
1421.419718750  0.226301230
1421.422453125  0.226228345
1421.425187500  0.225246328
1421.427921875  0.224437369
1421.430656250  0.224076558
1421.433390625  0.222721771
1421.436125000  0.222189426
1421.438859375  0.220972505
1421.441593750  0.219341797
1421.444328125  0.219781127
1421.447062500  0.218846795
1421.449796875  0.218069794
1421.452531250  0.217422868
1421.455265625  0.216367697
1421.458000000  0.215058289
1421.460734375  0.214915888
1421.463468750  0.213605473
1421.466203125  0.212932604
1421.468937500  0.211806443
1421.471671875  0.210638247
1421.474406250  0.209680349
1421.477140625  0.209658041
1421.479875000  0.208576267
1421.482609375  0.207093984
1421.485343750  0.206251670
1421.488078125  0.205326313
1421.490812500  0.204149981
1421.493546875  0.203256081
1421.496281250  0.202289953
1421.499015625  0.201822415
1421.501750000  0.200712402
1421.504484375  0.199685013
1421.507218750  0.198579007
1421.509953125  0.197681309
1421.512687500  0.196403270
1421.515421875  0.195585886
1421.518156250  0.194986492
1421.520890625  0.193592064
1421.523625000  0.192966160
1421.526359375  0.191430863
1421.529093750  0.190039254
1421.531828125  0.189264420
1421.534562500  0.188201776
1421.537296875  0.187053617
1421.540031250  0.186505110
1421.542765625  0.185318815
1421.545500000  0.183688074
1421.548234375  0.182870964
1421.550968750  0.182098655
1421.553703125  0.180512556
1421.556437500  0.179757671
1421.559171875  0.178703862
1421.561906250  0.177884507
1421.564640625  0.176726896
1421.567375000  0.175517969
1421.570109375  0.174250451
1421.572843750  0.172745690
1421.575578125  0.172140894
1421.578312500  0.170790668
1421.581046875  0.169874426
1421.583781250  0.168748629
1421.586515625  0.167369857
1421.589250000  0.166485269
1421.591984375  0.165143614
1421.594718750  0.163797561
1421.597453125  0.162846600
1421.600187500  0.161687171
1421.602921875  0.161342947
1421.605656250  0.159278135
1421.608390625  0.158786408
1421.611125000  0.157279707
1421.613859375  0.156131205
1421.616593750  0.154996902
1421.619328125  0.153945190
1421.622062500  0.153025437
1421.624796875  0.151643894
1421.627531250  0.151133445
1421.630265625  0.149542279
1421.633000000  0.148249294
1421.635734375  0.147130185
1421.638468750  0.146378629
1421.641203125  0.145503869
1421.643937500  0.143945206
1421.646671875  0.142870951
1421.649406250  0.141547561
1421.652140625  0.140949310
1421.654875000  0.139817955
1421.657609375  0.138789226
1421.660343750  0.137393255
1421.663078125  0.136363106
1421.665812500  0.135683334
1421.668546875  0.134327506
1421.671281250  0.133354559
1421.674015625  0.132486743
1421.676750000  0.131738483
1421.679484375  0.130275952
1421.682218750  0.129279518
1421.684953125  0.128433380
1421.687687500  0.127326667
1421.690421875  0.126507605
1421.693156250  0.125253369
1421.695890625  0.124693652
1421.698625000  0.123778827
1421.701359375  0.122265276
1421.704093750  0.121791904
1421.706828125  0.120832415
1421.709562500  0.120015919
1421.712296875  0.119398679
1421.715031250  0.118230101
1421.717765625  0.117669663
1421.720500000  0.116692761
1421.723234375  0.115832561
1421.725968750  0.115270039
1421.728703125  0.114509123
1421.731437500  0.113619791
1421.734171875  0.113488794
1421.736906250  0.112203239
1421.739640625  0.111831590
1421.742375000  0.111149437
1421.745109375  0.110629143
1421.747843750  0.110010156
1421.750578125  0.109366803
1421.753312500  0.108745024
1421.756046875  0.108331247
1421.758781250  0.107777947
1421.761515625  0.107135560
1421.764250000  0.106702413
1421.766984375  0.106570487
1421.769718750  0.105937757
1421.772453125  0.105818638
1421.775187500  0.105493403
1421.777921875  0.104694040
1421.780656250  0.104598811
1421.783390625  0.104297731
1421.786125000  0.104206367
1421.788859375  0.104004959
1421.791593750  0.103883012
1421.794328125  0.103761696
1421.797062500  0.103517736
1421.799796875  0.103792106
1421.802531250  0.103447659
1421.805265625  0.103580082

